5005
5279
4558
6103
7467
5599
2307
9754
385
216
3940
4232
8572
4732
6402
1451
9439
1770
7014
7277
5498
3726
5921
5504
996
5757
3601
4019
2788
5603
1185
4319
136
1942
2877
5202
6129
4735
8507
5624
1616
705
9675
9932
6705
3521
467
5113
278
5051
4891
2375
3917
9349
8690
8298
7778
1910
1028
4070
5438
9568
9913
1149
6343
9523
9308
5539
7997
8539
872
5197
8278
7016
9947
9318
5793
9588
3987
9156
1166
4304
894
7946
3572
9606
7561
349
2774
5040
6993
7390
4502
5255
6309
325
7249
8323
4956
7036
5349
9292
8258
3569
8167
7527
1033
5066
6652
6560
6463
7905
5597
8190
9850
187
1592
7797
7566
5272
5165
7214
844
6281
4334
8972
7533
4989
6312
1171
6020
7987
2625
1428
6181
3831
4625
6455
2784
4994
7986
9500
2490
7877
3611
2998
6496
1115
9870
3354
593
9202
86
9469
8833
7844
4067
79
992
6727
7652
2765
9141
6480
3672
4589
4729
7810
8536
416
5541
324
2632
1582
3496
4381
515
3463
9363
4644
8064
101
5044
9743
8555
1688
62
6518
3742
3879
3738
3770
1116
888
2934
5278
2273
5441
1305
4092
789
5715
43
8708
9275
6262
7898
5923
7461
9191
3067
8931
3238
7976
4338
5627
3841
6847
1762
2422
9196
4753
5614
9713
8234
1227
2767
9054
1750
2162
352
4585
5092
4549
8934
1290
944
3728
8500
545
1136
3701
7240
6491
7433
5700
1997
6209
2457
5637
721
8917
2335
7668
4049
2850
963
2472
7824
262
6976
4819
274
2394
3173
925
8540
2363
2236
9929
169
7048
4063
8543
9323
9717
3154
666
8241
3172
5417
9301
6978
9235
7622
3121
370
9485
3876
9204
8975
2468
6879
5332
8012
1375
4245
1706
658
1339
4497
5060
8046
4005
8176
4739
5731
3394
3564
9864
3033
1865
1469
3754
6992
144
4635
3004
1618
8646
4834
2796
1578
4195
1025
1109
6235
357
9478
1885
2429
8362
5412
6180
9210
5648
5127
7330
6974
1268
1825
4225
3714
5888
904
3874
4359
2463
1525
6558
7980
126
6277
5453
228
4348
8048
5917
5248
7786
1027
2549
5788
1523
4254
2186
5593
1378
5930
8106
9089
4432
3575
2675
3209
3230
8364
3247
4276
6315
3693
5028
9893
638
6863
2267
2242
7409
7849
2142
7387
6734
2783
542
7637
4859
1834
6200
7832
2926
3808
3326
8266
6862
2163
1805
3442
5286
5101
5568
6100
5907
214
3372
8959
6465
2045
4402
37
8423
6626
4349
3411
5657
6746
3284
2704
572
6770
9949
7074
955
5067
7873
6932
1767
6835
9206
4473
4576
5919
744
2089
3873
4703
4916
1388
9951
9956
8289
132
4619
2196
9394
3116
1913
6755
1882
7919
9972
4972
3437
3966
2842
8459
1383
7087
6508
5011
8661
655
9166
2299
8330
6515
2837
5361
2123
9348
8594
6483
993
444
7059
2004
4662
5320
7732
7069
4165
7180
4318
6594
1145
5501
8641
3699
6393
3871
3914
