5005
5279
4558
6103
7467
5599
2307
9754
385
216
3940
4232
8572
4732
6402
1451
9439
1770
7014
7277
5498
3726
5921
5504
996
5757
3601
4019
2788
5603
1185
4319
136
1942
2877
5202
6129
4735
8507
5624
1616
705
9675
9932
6705
3521
467
5113
278
5051
4891
2375
3917
9349
8690
8298
7778
1910
1028
4070
5438
9568
9913
1149
6343
9523
9308
5539
7997
8539
872
5197
8278
7016
9947
9318
5793
9588
3987
9156
1166
4304
894
7946
3572
9606
7561
349
2774
5040
6993
7390
4502
5255
6309
325
7249
8323
4956
7036
5349
9292
8258
3569
8167
7527
1033
5066
6652
6560
6463
7905
5597
8190
9850
187
1592
7797
7566
5272
5165
7214
844
6281
4334
8972
7533
4989
6312
1171
6020
7987
2625
1428
6181
3831
4625
6455
2784
4994
7986
9500
2490
7877
3611
2998
6496
1115
9870
3354
593
9202
86
9469
8833
7844
4067
79
992
6727
7652
2765
9141
6480
3672
4589
4729
7810
8536
416
5541
324
2632
1582
3496
4381
515
3463
9363
4644
8064
101
5044
9743
8555
1688
62
6518
3742
3879
3738
3770
1116
888
2934
5278
2273
5441
1305
4092
789
5715
43
8708
9275
6262
7898
5923
7461
9191
3067
8931
3238
7976
4338
5627
3841
6847
1762
2422
9196
4753
5614
9713
8234
1227
2767
9054
1750
2162
352
4585
5092
4549
8934
1290
944
3728
8500
545
1136
3701
7240
6491
7433
5700
1997
6209
2457
5637
721
8917
2335
7668
4049
2850
963
2472
7824
262
6976
4819
274
2394
3173
925
8540
2363
2236
9929
169
7048
4063
8543
9323
9717
3154
666
8241
3172
5417
9301
6978
9235
7622
3121
370
9485
3876
9204
8975
2468
6879
5332
8012
1375
4245
1706
658
1339
4497
5060
8046
4005
8176
4739
5731
3394
3564
9864
3033
1865
1469
3754
6992
144
4635
3004
1618
8646
4834
2796
1578
4195
1025
1109
6235
357
9478
1885
2429
8362
5412
6180
9210
5648
5127
7330
6974
1268
1825
4225
3714
5888
904
3874
4359
2463
1525
6558
7980
126
6277
5453
228
4348
8048
5917
5248
7786
1027
2549
5788
1523
4254
2186
5593
1378
5930
8106
9089
4432
3575
2675
3209
3230
8364
3247
4276
6315
3693
5028
9893
638
6863
2267
2242
7409
7849
2142
7387
6734
2783
542
7637
4859
1834
6200
7832
2926
3808
3326
8266
6862
2163
1805
3442
5286
5101
5568
6100
5907
214
3372
8959
6465
2045
4402
37
8423
6626
4349
3411
5657
6746
3284
2704
572
6770
9949
7074
955
5067
7873
6932
1767
6835
9206
4473
4576
5919
744
2089
3873
4703
4916
1388
9951
9956
8289
132
4619
2196
9394
3116
1913
6755
1882
7919
9972
4972
3437
3966
2842
8459
1383
7087
6508
5011
8661
655
9166
2299
8330
6515
2837
5361
2123
9348
8594
6483
993
444
7059
2004
4662
5320
7732
7069
4165
7180
4318
6594
1145
5501
8641
3699
6393
3871
3914
9518
6345
1387
3448
4499
3981
7331
291
2550
9063
2467
8243
7397
5456
9880
9664
6041
7763
9416
51
7287
2121
9081
7235
1292
6797
6773
818
6646
9721
1069
3287
7236
9978
5072
750
7476
5126
3297
1507
7404
3472
3341
106
7880
6372
1816
1908
2589
2856
4015
4227
501
6193
9605
504
5024
949
1771
3967
8927
186
2107
5381
568
4817
4617
6990
4845
9690
481
7581
1179
9386
7674
477
1912
7169
5273
1573
4672
1015
4755
6538
3587
4975
1593
8015
738
4609
8647
2689
5014
7958
3204
3030
9672
302
7586
306
1889
7703
5352
1485
7795
312
1654
1406
9676
9408
5518
9552
119
6016
1103
7790
1466
6691
2151
6140
7992
8347
8144
4806
3136
8485
3523
8583
1682
9337
6250
7257
4415
4052
7376
1633
3112
1258
2969
1991
2211
4720
5431
7964
1716
3087
5421
4709
9760
384
3086
4039
9862
5506
6731
5616
6757
2257
8027
4022
2919
964
7056
6600
6641
8
2252
5546
4291
938
9250
9983
2600
4374
4954
4991
1291
4238
7152
2917
4886
2357
5809
1313
2806
6744
7613
7516
6533
8442
1370
4175
9843
7965
9189
4789
9788
3180
5953
7789
9410
351
6509
6905
5379
7327
823
3836
9268
7386
8042
6649
9223
1046
8221
9382
2079
8915
426
4218
4161
5355
6703
6929
9300
3809
120
9883
5653
2442
427
6851
8499
5794
114
6921
9095
1918
8181
270
4030
2839
2160
4204
6144
5918
8264
2433
9778
8493
6684
9835
7718
536
90
1139
1782
1963
1096
1810
1437
9112
5211
1364
7092
4979
8086
7928
9466
6721
5490
5667
8706
6673
9431
2653
2456
9483
2046
7304
6338
2032
2603
3254
9890
239
2466
3042
9990
3764
6688
688
4592
3278
285
8875
9494
2341
353
8018
8816
4491
2199
8897
3866
471
6385
275
3311
443
9057
1297
5469
7393
884
795
4815
8643
1034
6864
5934
8075
6786
9925
9507
5290
2381
1820
8454
8634
3111
4581
1665
9208
5812
6614
3460
5420
8640
383
3367
8560
72
1812
9955
5990
4287
4839
2761
6994
5900
3563
7841
779
8826
2892
8523
1861
736
1686
7047
1936
5385
6341
9391
3950
9200
4749
2047
4386
2364
2171
2180
8627
6762
4147
7949
65
1229
3228
9415
57
2959
2954
7792
4869
6497
7128
6792
6777
4021
9041
752
2868
2742
1534
1580
4449
6833
7983
96
5591
5988
8008
2365
8249
4674
3648
3449
2300
4462
223
1279
3152
330
2263
1360
9144
2973
8143
4247
533
686
377
3528
6459
1720
4037
4569
3579
6700
626
5778
2091
2085
1021
5486
3255
9262
4450
3536
3256
2193
1791
2918
913
160
1831
4895
5638
5042
9918
7639
4922
4679
1691
9886
38
4216
4613
7232
8624
980
6528
9927
7746
1735
6034
4028
2718
6258
7537
6031
5022
1207
1234
8983
5548
7848
6822
1681
9730
5104
8023
3241
1175
5392
3426
9595
8526
8734
3428
9833
9753
6451
3156
7035
4794
9
8269
8424
549
5620
4835
1250
7312
1101
8089
3655
1271
6525
9607
9915
1232
5758
3100
7
3061
5162
2571
4388
8745
7711
4065
7666
3388
9104
3955
9194
936
8620
9849
1444
6623
28
9173
4934
9118
685
486
5225
7661
1933
3233
5016
8950
6342
6223
6506
5459
7719
730
557
2662
8867
8559
3283
4516
8248
7681
1961
4602
9132
5025
8681
7217
7216
3057
5388
2075
3544
4663
2623
4420
3031
7307
3178
856
1604
651
378
5551
6844
3500
797
2480
8276
9896
9566
1061
5266
1220
2140
7933
2553
5890
5681
696
6788
5424
2984
6184
7319
7775
1334
9400
9766
7870
1249
368
1002
4947
4324
2420
8818
7282
1574
3392
773
3979
8768
6564
6060
5994
1849
2819
8030
499
4282
3550
9101
1478
8501
5185
6505
520
4661
778
5105
4099
8314
3304
2831
6805
2881
6930
8614
4354
3762
3580
8712
8580
517
8725
8870
2225
8397
2371
4113
4685
4133
3657
3387
9493
6877
4519
9005
2317
1341
1773
878
6147
5471
3765
5147
7690
8399
8351
6772
9532
7165
4909
5801
1966
9171
6119
3976
5824
9086
8764
8081
3457
9328
2018
1420
7151
9289
4528
5936
8457
8138
770
6796
8723
1976
6582
2697
8296
7203
3006
2197
4713
8400
5512
490
7624
7155
4387
6293
9070
3603
5492
3593
308
439
2455
7745
3591
1515
6737
5595
7842
2706
5819
6875
7658
3433
129
8392
627
6611
5707
5974
6807
1970
6132
9549
2033
3286
4573
4664
7850
5482
1809
3060
2670
5150
6205
8602
2744
691
6791
7396
8352
1569
7917
3581
9087
2864
8066
3712
7922
1239
3131
4330
8590
4062
2679
2736
6620
5329
5031
3427
7560
4659
4766
6107
6544
7247
1011
6367
6292
5023
4745
9253
7314
7678
8103
3090
5289
6462
5976
3210
4910
85
6134
7950
1801
7900
4778
3704
9906
4626
5600
9974
1318
1372
8946
5845
7662
5457
1984
3547
9931
943
5369
4314
9097
156
9080
5433
5631
6121
7974
7497
9344
4202
4540
7023
1699
9185
40
4914
8084
4623
183
5527
7118
5529
9874
4262
2552
2521
7138
9082
2882
555
3689
3605
6447
8495
4896
7357
579
3751
4822
1065
3039
4929
514
1932
1888
7492
9681
1803
373
4102
570
4888
4393
8584
6300
4457
4083
8872
6416
3553
6076
2425
2113
9706
5074
8154
4255
3526
7705
8110
1452
3324
4452
6081
3682
8704
7073
9267
5579
5065
7866
2244
7361
9614
8444
6104
1333
1155
1581
606
2100
3179
8453
3292
5064
7990
8348
2435
9779
9346
6478
115
3231
4624
5087
3473
7996
7771
7818
9653
8166
1625
6230
3929
1575
2243
8172
210
1022
597
6231
2922
8188
641
3153
8079
2022
6039
4919
2982
2692
462
7959
2000
4293
3801
8792
6723
9777
2593
1310
8277
6485
3843
9188
3696
7509
6072
1042
6793
1967
5752
743
1924
7838
4907
4969
2660
8549
3661
7084
5056
6738
1873
4608
7889
5938
7779
3309
8597
3075
6178
9197
3219
5295
2777
649
9273
521
9462
4331
2315
4429
1909
6507
2165
6679
8876
8318
5136
2347
3475
5901
3688
6813
7377
3820
9451
8414
6174
7292
177
374
2634
6227
9436
7605
2963
8984
2797
7079
6482
1707
2449
3604
5219
1722
6575
4526
2968
2214
6764
9091
1450
6859
4270
1203
5243
7367
2527
6156
5699
5598
8799
7015
6211
588
9018
3734
2488
1114
8022
1284
1938
6449
5224
9133
7957
7635
6386
5552
5416
1723
7418
1548
4009
2020
5562
3328
7860
7969
7921
722
7045
3804
7948
2734
6400
59
1840
7930
41
1877
2671
7593
7892
9841
7647
2201
2116
8480
3711
3864
3273
9477
3745
3249
3263
682
8878
3051
3046
9784
7845
3261
8785
7293
9479
8613
8380
757
625
4263
154
6151
585
3
847
6857
5410
3921
8697
2349
9060
1374
672
2291
4405
5843
6032
3679
7432
851
8496
1251
236
8466
7172
3517
7131
2158
942
6752
2305
240
2406
3137
548
2370
1839
7819
1346
5464
2093
9633
9260
8386
3091
2781
2846
2902
2309
9324
1504
7587
1928
9919
5892
6999
2953
4489
5144
287
4797
7398
9340
2786
2960
6066
4874
4041
9548
367
6803
5743
8427
3150
9948
6597
5468
2752
5856
7673
9801
1823
3720
1295
9580
4382
5516
8702
5035
70
329
4413
6819
7953
346
4901
3576
3467
423
1129
5513
9800
1312
3211
6166
9758
1611
822
8010
2143
6384
2757
9317
7552
138
4652
835
3315
5904
5246
8783
503
5768
7937
7274
9444
9969
7187
2081
1006
7736
8482
6941
9526
6783
463
1546
751
8610
9207
7135
958
2361
724
3983
6979
4157
8238
6127
569
2680
3853
3482
9198
3794
5897
8213
7456
2861
6674
6798
9584
8996
575
921
8525
4776
5543
3962
4285
6280
8808
6474
9145
4088
7694
7630
9963
3271
4097
3824
3845
2414
3252
4568
6928
1496
4395
4495
5777
2271
5338
1571
2287
3312
75
264
2940
9407
6165
3065
7521
4890
3499
8476
8982
6923
3519
6057
2962
4976
6068
4379
5563
9130
3151
5986
6972
3380
6029
7450
9559
6960
4475
1493
6078
2296
6988
7400
6823
7323
3446
60
4498
1677
1165
8877
731
5297
9372
5540
3777
7207
5075
595
755
8281
2423
8165
5766
920
1302
3954
7410
4312
5256
2413
767
5755
5751
3403
8904
9517
1597
148
2256
4485
6658
4484
5122
6661
8856
4711
5015
695
6554
621
8377
2137
9338
2678
9637
6163
6636
9829
5718
5814
2224
1845
3476
5910
6097
1135
1851
4968
9501
9190
6229
7547
7769
1
4981
1684
4837
6519
7540
5110
8813
6716
3424
8447
3070
6038
1566
6003
3044
4197
2558
4977
5698
6040
7075
5478
5604
8962
470
8494
3650
780
6120
5313
7742
7447
7085
7750
8332
2443
2855
7901
4640
4521
295
8115
1092
6924
7738
197
5034
1497
2424
1200
5838
4315
2276
5043
7600
8282
846
2119
5117
9435
2944
8705
6254
5415
5898
2661
5854
9954
1811
9711
5567
3826
5183
7263
9771
6064
3330
6678
2332
7199
6809
3485
6458
7391
4343
1216
4848
9798
3776
7311
2617
164
1164
6125
5467
2981
7495
5245
2314
1855
2570
4725
5783
1338
8519
7188
6529
6733
93
8267
421
9511
7140
1255
5319
2524
7028
8558
4792
7454
9882
2125
8721
4838
3687
4854
161
4747
1498
3054
1270
5305
1000
3998
1522
3414
7183
9594
1418
9430
4761
1971
1319
7728
6522
9750
2453
6105
386
6423
716
532
1956
9126
9032
9924
8985
7133
8754
1261
2798
7106
6437
5264
3242
8939
5396
8342
1695
1306
9409
7548
7994
9646
737
7001
9654
5949
6268
7184
9623
9442
8225
3761
6818
2386
1940
8055
4788
8088
1689
2274
3567
8293
8888
307
5588
7145
3025
5488
9781
4036
3683
5719
6694
8579
5209
1862
4493
8305
4598
7984
3974
5517
7408
948
7159
2965
8005
9162
9632
8043
5913
181
9137
6122
7301
9669
3450
24
1040
9709
163
2695
5851
8097
2017
2403
1784
3300
1897
5621
9855
469
4588
7872
5992
2177
33
1835
8060
1559
6747
7167
1832
66
3096
3163
5358
3643
7374
4610
3613
6895
9387
45
4785
2957
204
4174
2482
1943
8371
5049
7271
7490
5293
5999
3028
2615
122
5447
6959
2063
3658
6313
3471
6998
5458
7653
8802
7268
7677
8382
5944
3646
3935
3627
3027
539
7660
2161
7202
9278
5408
2278
5
2935
4076
5230
9905
1352
9820
9602
2501
5532
1079
5654
1968
2719
9740
8363
364
1156
9184
6676
4508
3274
863
6583
5203
8205
6012
2146
6856
4408
4236
5507
9812
165
9421
864
7318
7752
6535
2483
7999
4231
1542
7070
4740
9961
4928
3225
7834
8510
8688
3169
1608
741
2867
832
7734
7321
466
8778
1951
6931
7436
1348
7086
8461
221
5617
2200
1162
9878
850
441
9131
1019
9624
6435
556
8114
4557
4211
9111
402
5283
9113
2226
5855
3118
9371
257
1010
8028
3694
1992
2348
571
3184
7402
9192
1765
7735
5742
8316
8039
7556
6514
7571
8186
5118
7503
3102
3332
562
5877
5222
9574
2648
4831
1354
7002
3081
1102
36
9488
7110
6427
5439
4793
2230
2289
215
1410
9218
1864
25
2942
396
6405
4148
1317
1311
7768
2397
7515
8954
9322
1658
6516
4833
6128
6387
3910
3707
7546
4853
6591
6123
1018
8065
64
3642
6188
1725
6855
6827
6009
6206
1711
5754
7054
690
1386
3378
5164
5069
1178
1887
9110
7638
5253
1461
4162
6964
1049
1280
8662
7567
959
7754
4124
3016
6740
8045
7744
13
7715
2541
2438
8696
7026
2323
1170
7033
5714
5848
9912
4006
2594
1176
8339
2773
1883
298
5310
2294
7446
8253
1342
2320
9705
6374
2281
2382
2131
9211
769
5776
323
9029
2014
8014
700
6109
567
2253
5414
8365
541
6500
1408
817
7867
6047
5607
4474
2580
5059
1973
3458
4638
6643
9810
1793
4426
1119
4305
933
5021
953
4906
1320
6359
782
7296
6598
2172
2372
9103
7458
9045
9499
8183
2930
3045
6977
5377
4937
9491
8913
3886
1066
2324
657
3022
7909
8338
6521
807
1899
4898
1296
6036
480
9627
4050
7550
4472
134
6842
4533
808
5902
6401
7926
966
5926
1664
194
6080
7758
8142
6201
2727
8032
9288
1470
1213
9071
3589
5909
9212
5020
7310
4347
8834
7830
1416
8192
7132
9782
6155
3520
80
4752
9229
9355
8418
1197
4323
5558
3260
3810
4567
8740
6843
6290
3972
6987
617
2829
4079
170
1576
8452
3351
7395
3993
7541
172
7269
2790
3832
3656
8666
3817
965
5180
5079
7676
3590
6218
3812
8674
5914
9170
3502
8210
6233
2509
256
3265
3542
3708
3333
4258
2863
9429
401
8404
2175
8100
8828
8866
6660
7365
2707
1828
7993
4451
4357
5270
4385
991
8185
6910
668
2722
4046
656
6190
410
5533
7438
3534
1329
7991
6018
1577
573
3117
9393
746
7977
1799
3939
4824
3237
6736
1643
5985
8944
7089
6008
8201
472
2544
7590
6873
6985
796
3478
2209
8470
1659
3282
4418
5669
3927
9786
7289
4328
5683
9698
8220
9069
693
8245
3721
903
8838
5495
2109
6137
8317
5405
9881
3493
5267
2657
702
1935
7836
8625
8195
6769
7354
7306
6099
6056
6946
6404
3644
4149
6320
56
3082
5946
8127
3730
3130
3405
9510
8162
7448
361
1672
9236
2387
5354
2799
3143
1245
7686
1705
6330
6547
8605
7886
8724
9751
1325
895
941
5145
5585
2555
2955
224
6690
9939
253
9406
9482
9885
3175
3995
6610
7611
3835
7052
4430
5347
9390
5140
9761
1024
5510
513
7193
5806
9226
263
1053
7513
4706
356
5131
5172
5735
2581
8312
9457
3774
4511
2168
9697
5426
7325
9582
261
1211
6914
1107
218
6096
4810
6883
8737
2840
9077
7426
9658
3686
4933
1821
4443
4177
3352
5852
2945
9473
6271
5912
2745
3452
4339
900
5353
1982
1009
8513
5932
5816
7260
9280
5582
2500
4683
8935
5884
4341
8469
3360
5628
804
4666
3796
5071
5842
8908
8112
159
1266
1768
6714
9321
9257
6237
4448
1988
5850
4181
9688
2392
5920
1254
3732
2037
8747
4078
5774
1100
7414
4116
2312
3748
2055
8405
4120
4301
1391
3839
413
9474
7499
2426
2484
433
8683
1477
2368
9481
5428
826
9596
9967
2652
2715
6244
91
3511
2699
6810
1869
1850
3894
6327
7846
1814
2505
9765
4522
5227
8748
6557
3357
4290
5925
7536
5744
5696
7320
2373
8889
8722
9989
2921
5773
9729
9536
4681
1645
9986
1960
6751
1591
8951
5520
6821
985
4004
1815
8350
6414
7142
6912
3632
2030
2092
3140
6333
9282
9587
8626
6802
7358
8879
5966
1455
5336
2702
6214
8827
6867
3991
843
5967
2066
2559
7971
9293
400
6556
8958
5961
9239
6179
4454
201
8431
8853
2203
5662
6487
9303
7628
8664
8618
8971
3740
8175
5215
5115
6633
531
168
6951
3486
3947
1919
7171
7518
473
1602
8698
9178
7654
9427
5679
3401
2178
9657
8535
8891
3562
9625
2906
2344
7455
1634
3630
8779
2139
8841
358
7862
4913
4187
3201
2986
1326
6701
4855
3167
7322
3058
9443
8334
8589
704
6840
9232
2897
3119
8260
858
7253
1714
8117
6918
5223
5365
9689
6088
3617
4329
5152
7799
4927
1133
2072
2754
1327
3900
8977
694
9553
5300
320
6236
9030
7177
3840
20
4283
1925
2901
8429
2751
227
6349
1231
1443
7303
6260
3389
6390
5205
6662
8947
698
9295
428
4024
5434
1074
9773
8007
5722
5370
930
1531
8815
4220
1937
4700
53
8670
6572
2195
9233
8969
1772
3264
9398
6687
9034
6023
6303
9423
478
208
7067
2280
805
9928
7915
2356
1804
9952
859
4229
418
3941
6466
286
4917
5380
211
3239
7766
5000
2563
3174
7061
9635
9629
774
6812
450
8309
3906
8288
1763
1081
6317
4648
4676
5586
7050
1926
2978
6685
4496
1892
7100
4383
5550
7239
474
1690
2741
8204
9655
3317
8472
3702
7821
2013
5312
6383
2292
6017
1182
7604
9176
4921
1583
83
6058
1598
8905
8148
4660
2546
8388
9395
4513
6085
6850
9266
2977
8168
2099
643
5218
4259
6334
1399
8303
2152
9985
710
2739
4494
6173
1756
9028
1309
5163
5287
2105
723
4577
1358
2189
5762
7481
2993
7489
6645
3890
6357
4604
5026
4509
6577
8581
6948
8390
1494
7664
7916
7208
5553
9154
8623
4786
6524
8916
987
2346
8587
2120
3623
546
2380
1476
4189
6332
4987
9513
1070
2034
1511
3393
2270
117
1795
4180
9385
7221
2465
8796
6669
9172
250
7144
3779
772
5002
2988
8328
9160
6368
5642
9533
7224
2551
7491
4159
376
7761
9528
2336
2976
611
9498
3988
9945
7317
5346
3186
1400
3181
5137
713
2210
4016
632
2021
4773
3454
6576
6906
3447
4477
9445
4316
7517
8991
1631
9215
7416
5387
5945
1188
1734
3719
2804
561
8862
7904
1641
8376
9021
589
6185
594
9592
2611
4100
6644
5181
4424
7259
6642
6325
67
2870
8073
18
118
1004
4185
9648
8092
3466
8375
6440
3949
1238
4993
1617
6846
3755
8739
3207
8788
7470
3413
6612
794
4783
1294
9562
7808
8341
3331
3168
5134
4606
2473
3439
5937
7522
2497
1058
5339
9403
6814
3997
8929
9818
6657
1308
3837
5960
6284
4071
7044
681
3636
3626
5560
5530
1351
6010
6625
3155
6710
5626
7814
7346
6709
8468
5796
9716
5528
7266
6172
1600
147
9575
4483
5534
8546
2064
482
999
9006
1350
9830
4678
8607
3041
7204
7625
7583
3739
1780
1535
3549
2970
3227
1983
6043
9203
9808
9943
892
8478
8218
8899
1749
5531
9384
391
5257
7884
6925
4438
8411
7233
7254
9561
2062
4777
7162
9342
8850
1553
7424
3616
6499
4596
7783
2889
4311
2665
2878
2503
4634
4825
4141
1161
1619
9707
6326
2233
1073
7459
8016
9358
8517
4377
5083
340
5800
4722
4692
1786
6210
612
5179
9107
7687
5143
4744
1900
434
1195
459
4990
52
425
8894
9993
9879
7944
9397
331
6940
4614
1013
3654
5950
2847
9790
6150
2114
9256
4044
9999
3691
4373
6853
788
9135
4704
9671
1442
4967
6353
9538
3919
3722
8285
48
8793
3786
2202
1228
1152
8069
4757
7305
2012
5429
7283
178
4798
5556
2622
420
538
5770
5130
1335
104
5440
3125
9347
3859
191
1090
8901
9174
9261
2481
5578
5455
535
7935
7861
7122
1217
5857
1719
9661
5519
2731
6663
6067
5039
8070
1708
1106
1322
5356
390
7117
821
1202
4356
9277
3431
3937
5808
9114
8307
3078
7380
89
9381
4026
3007
5383
4858
7378
8475
5008
7679
9535
174
8586
8798
4085
125
5878
9615
2058
2900
7413
4172
6289
4995
9222
4941
6938
8357
4957
5750
3524
8401
4434
1584
5866
3596
6689
776
6055
2338
2319
4564
7700
3862
8304
2264
6382
2464
9284
7359
303
8091
5138
1977
8606
9852
1275
3134
3855
1465
5483
7485
9774
4912
524
7936
3416
7175
1657
8654
6800
9013
6908
7270
2526
3319
8676
282
9612
1500
6854
2554
8858
3036
3216
3277
7121
5692
2454
3171
9432
4541
1393
9085
3435
8226
8720
5837
4422
8692
8711
9373
5826
8242
5991
2903
3923
8544
359
2759
4860
4378
9446
9038
8119
4243
5425
6407
645
4241
7166
1518
1064
76
4190
9860
5095
109
6089
1603
4087
1412
74
1952
152
7727
68
8378
676
5630
3243
2485
7716
6035
9153
4950
422
7800
8209
8953
1468
1874
8758
7457
6680
6141
2179
4542
8963
2720
2621
5047
6146
8360
800
2128
9727
9581
671
530
8811
9165
1105
1568
5647
5874
3092
9290
918
1776
4667
1871
2487
3106
9093
7444
1230
6116
2915
4342
4669
8240
7998
2775
4152
9020
1846
6075
8395
4239
3128
5422
8219
8553
4053
3951
615
4364
7543
7620
4047
931
326
4881
2907
5673
7114
9136
986
5402
6468
7929
9996
4344
8252
3014
5908
982
9854
5571
5194
8873
576
1336
6934
230
7760
761
8790
9917
8197
3924
8019
2311
6373
7697
4127
4620
1775
9631
9807
2927
419
2259
8284
2074
9216
5674
2667
5828
7291
3345
7879
1630
8369
5411
3001
123
8667
6412
8557
4093
9724
4000
2246
7370
7865
6253
3124
8491
1424
7943
9367
1766
6719
1355
4876
9591
9837
580
4399
4011
4240
5099
1867
5335
2708
6654
314
5452
4145
3973
6765
9263
4691
5639
9460
3821
8271
5484
9872
3685
9991
5340
1210
4219
983
2489
9785
6754
3887
756
2340
8775
2575
3142
1962
254
113
5689
7350
7804
9962
9116
2543
3851
9506
2569
2134
9364
7642
9096
9441
619
4322
4476
1513
8383
7053
5927
2049
5157
4110
2240
7168
1858
271
315
6319
4673
8981
4716
4829
3518
2681
9150
4061
2050
9043
2832
2535
554
6735
4809
6578
7927
7856
8604
2304
8774
4670
5761
6378
9374
9304
166
2771
5608
8361
9714
7698
8512
5173
9898
2321
3043
5739
9286
598
6937
484
190
440
3302
9585
7272
2618
6489
3931
4205
8636
489
1945
8011
5301
7212
5615
3123
7512
4718
219
1221
6900
2854
7618
3673
2573
1692
4486
5086
3149
7335
9762
9708
2908
9722
4478
8191
8202
8735
7486
6162
833
338
5795
8071
4423
1012
301
4897
3729
1362
2980
2628
2814
9814
9426
1023
7451
6077
2130
3288
5073
9748
3361
1035
4144
8784
680
334
9900
1958
3436
3830
1590
3665
4094
1830
5786
238
6845
84
8986
5187
6756
1586
6898
6903
6962
873
7942
5068
2412
8994
5865
4467
8425
4628
4801
2313
7000
4887
3651
618
1001
4012
1752
2644
4636
9715
5037
3371
760
3791
9744
8967
3013
4563
3144
5671
8179
2436
7640
7610
4911
3913
5545
11
7809
9534
2536
7825
4129
220
5322
5466
2534
6418
998
3483
7425
9405
7090
9276
2879
7918
6787
4321
9685
4346
1532
2283
6130
929
1556
7538
518
9453
9420
375
7181
6126
2748
3538
3558
2513
6637
4465
9888
7297
5998
6683
8290
1807
8082
6337
9105
3895
3455
9692
6197
8402
1783
8420
4505
7194
9817
8004
6565
3763
1959
8184
7241
2027
6580
2310
4244
8511
8090
1878
2738
7351
4458
6971
803
8356
8839
1955
8601
94
2789
3724
3056
8435
266
4215
7211
3882
8863
4774
9068
9061
5330
2931
2519
5120
4872
8961
2504
9484
9910
2260
622
4275
3419
4091
502
6054
6422
7684
8416
6194
3797
4518
3602
5905
1613
7938
4799
6650
2985
8345
2284
2627
7568
5659
7598
4820
2167
3048
1199
3756
8215
3355
5146
2461
5729
6761
7579
1594
5070
1224
395
3904
7650
3629
5756
7895
5584
8599
9847
73
6841
1241
2221
7360
6655
2958
8645
9726
32
3670
2664
3668
242
1036
1413
8161
9199
6758
6553
5276
6152
2331
1694
2561
1521
4856
1407
9583
1495
3645
4892
577
5807
3560
1093
6595
6562
4252
3938
3825
2059
8582
9875
4351
866
7859
8921
1154
1730
8156
1314
5956
7651
1472
1076
8104
8422
9264
2187
3926
4959
3793
6953
9656
1797
6901
527
9819
7626
1405
5903
583
8923
4228
6593
6592
9225
5954
3653
1572
4883
4804
1201
2780
6825
2147
8160
8820
1671
5554
1475
332
8297
2956
7058
5125
9140
3126
6381
4653
1463
8761
4952
8136
6413
4790
907
392
7890
814
5249
7078
2848
3805
4698
5250
8428
1147
974
4038
5184
446
6101
2612
9234
7080
8522
1189
8844
6545
3537
5821
5200
7427
7724
8639
3139
6145
7730
3213
283
9772
1138
2272
6366
6278
2828
8116
2818
255
613
5366
2258
4748
6030
3202
5178
3336
9665
1957
2514
3834
4117
8367
9867
1409
7634
1642
6621
2737
3588
4642
1068
5894
9940
5942
9565
4470
5869
787
1798
4191
5525
2726
1272
371
2083
8892
1624
4146
4401
3778
1086
7018
9062
6933
8932
2647
9274
7462
4844
1529
6880
2823
3684
7406
4461
4350
1371
8344
7299
1588
5521
3715
6909
5258
5191
4307
1948
5825
1841
8701
809
4656
9357
3633
8410
3047
7608
1077
213
9183
5476
9023
7344
2495
6002
6699
6870
7765
8126
3920
785
935
4562
8025
8257
6712
1144
1994
2502
1736
9099
9973
6013
9694
4867
582
1481
5535
7648
8619
9622
321
2545
5652
1987
4591
8212
5252
1505
1089
4738
1431
6956
1047
7298
2282
7102
6443
1675
5032
5704
6246
4253
899
9791
3667
8286
103
6966
5797
5893
9305
4128
9148
3985
4649
2262
2717
753
1969
9437
4441
2144
7176
6651
1367
7689
4184
9084
802
9691
2088
2408
8272
5737
2749
7981
6760
3402
162
4480
198
7772
6696
6968
2815
9741
8825
9000
397
5836
7479
6306
6566
9845
6336
6601
5018
4671
5280
6656
867
2415
5057
5148
9509
1440
8987
9414
8650
2735
4404
8616
5406
3359
5221
7388
3621
9700
5965
5871
7601
8874
5328
3212
4436
8591
5997
9177
1792
6667
870
1879
3443
7563
1104
3223
8732
3896
1687
9695
9802
8458
5444
319
2943
2001
879
2791
1995
2190
6975
6677
5502
4877
3294
9529
8294
6697
3795
6618
6561
1774
9450
1739
9696
781
3094
6527
1589
9733
4686
6
9826
2360
7803
5481
2366
6653
2153
7764
9619
4943
1041
8033
8772
9942
3337
9102
2542
3690
7008
387
9106
4643
854
852
3141
4105
4447
5651
3861
432
5632
4431
143
8194
9920
6861
6238
4715
9413
3279
6074
726
7740
5080
7496
3807
8346
22
8713
3379
8324
7762
6275
2886
7609
7482
4955
2805
9255
1299
8928
3868
3675
17
9861
2290
3192
2820
5832
2800
3459
4719
2303
4445
7262
7220
5198
1868
2764
3733
9936
4714
5210
1459
4170
2094
5196
4286
9916
1278
5220
6640
3978
8078
1460
9163
586
9803
1499
926
5403
4560
1965
7645
3407
5485
412
9659
2529
3365
3531
5284
195
1489
834
7488
4980
4118
3806
1111
7932
9545
2352
2974
3619
2173
6939
1085
4057
889
9666
3148
7702
414
8217
3768
1259
5955
3325
1629
58
99
7498
4469
8679
4104
5114
6063
2170
7631
8794
5009
8911
5334
7508
3736
3226
3676
6536
650
3024
2035
1142
3008
620
5849
897
1609
1627
4512
2700
10
8003
7748
6445
6308
1872
9796
2351
971
3093
4463
5691
9634
9720
9519
6911
7265
6087
3165
7339
6143
4741
6893
3555
4734
1728
2758
8275
3615
9547
5265
3850
4657
3295
507
8029
898
8592
2772
3488
8663
2770
3059
217
7057
6192
5357
5763
3224
6639
7777
1729
7669
3385
8990
2067
4932
4936
7076
601
4326
1282
5378
5373
9823
8864
816
8766
2078
1030
8686
1158
8789
4938
2325
6613
827
6052
791
5675
6160
7051
4068
2905
7071
7161
6242
8504
9806
4400
6774
558
7557
9570
6050
2990
8120
457
7531
7501
9149
1738
4308
7788
9887
7463
1392
2215
8635
3432
6285
3583
4795
718
2595
4650
2687
2103
8777
4561
2911
6848
2327
7603
6108
2591
7434
5730
4689
5970
7141
6922
1595
4782
8393
9265
7342
7324
1989
3529
4242
4633
8896
3915
3498
8208
4970
3358
8621
6849
2237
4199
8868
792
7029
917
3374
2038
6228
3678
9678
6973
403
8132
5984
591
3497
292
5299
3578
6904
7864
3530
4096
4192
5573
133
8006
9098
9246
9836
2782
9248
7007
7816
602
1151
8659
2991
6276
3785
5649
7575
2640
6243
492
487
4020
4394
9433
9725
5135
5323
288
5036
5633
8869
2498
8336
4646
4427
7871
5477
3101
9649
1187
6059
6026
2650
8831
1016
8152
6433
8398
559
6417
1059
7468
2051
2743
6617
9976
5326
4710
3893
813
6322
9465
2251
1118
7218
9953
1456
9853
979
1870
382
3009
5791
3666
2811
5612
3110
7164
4045
7389
5311
3083
5724
9314
8992
8782
2148
1449
7812
5798
9764
1759
3489
8727
1898
715
9056
1844
886
6605
937
8668
5784
7835
2277
496
9419
6950
8174
9195
3470
2845
4762
7776
6001
7837
4668
3308
4618
4409
1930
3787
7098
1552
3870
1082
5979
9224
3561
4536
6768
7099
6872
8062
6360
7040
2
8940
1204
2388
9487
9067
1622
3384
4108
2843
1537
4214
9524
4361
6834
5515
7696
8394
1095
5038
8806
6534
9418
7627
8063
1398
98
5747
908
6887
4830
5882
5983
4572
9244
2241
1990
4971
1746
6672
5943
2359
9022
8533
7881
9330
6153
1057
1353
4510
2597
5308
252
4587
2101
6169
839
2404
902
4612
4655
1193
9650
2401
394
4553
7179
8430
4081
1587
4680
8564
922
8473
8730
7706
5787
9281
8058
995
4294
2475
7116
969
9472
8407
7083
5980
5432
1886
77
4396
8196
923
2376
4963
5368
130
2141
498
7256
8865
6419
8693
1644
4107
244
3098
766
6154
4632
4712
3709
7941
1853
6579
5672
4529
3515
1781
4836
5139
4630
2862
4250
3440
8216
3844
6456
9651
4742
7025
604
1561
1947
2507
7113
7592
8372
6261
4417
7817
7896
7082
661
725
7200
8198
5315
259
8173
9117
5508
6897
5952
5193
2910
7366
8846
6397
1579
5557
4559
8941
2961
1124
3641
2002
1700
5195
8021
5834
3023
3010
6472
8051
2841
2149
1893
206
3884
7385
874
4846
6149
6586
5306
6425
3625
7341
508
2807
300
4873
5048
7329
2566
5007
3114
9251
732
5668
6782
6288
1896
9567
4532
7934
7920
4298
8128
8263
4527
6551
1698
1526
2624
871
1184
8942
1856
6899
4813
8408
3803
2339
5710
4841
6871
1929
3084
8837
7415
4163
7807
8836
9597
1423
149
5372
6084
9046
2469
4279
8812
9851
9846
7852
1447
476
297
5561
6745
9539
3383
19
5239
4358
9002
4958
8250
4629
4863
7554
277
8121
1637
5445
9470
3909
6868
7502
6093
4332
8133
5509
8922
707
9014
7514
2204
1751
8795
5217
6328
9935
153
842
3404
6949
5712
5106
7480
7663
6952
405
7519
6682
4701
3382
4442
3441
8573
4723
6942
1252
9876
9556
8852
9858
8355
139
4556
8842
7261
8786
6450
2793
8652
5868
8847
7940
8729
4056
8628
799
4137
1127
8254
1843
3164
1316
6187
2912
6350
4203
9749
945
3269
5423
1653
8632
7072
2655
1790
2852
389
9998
4265
491
6902
8322
7945
3780
8255
9147
6115
9522
3903
5436
8900
6391
5344
2639
1433
9074
5460
5226
7911
8960
7847
8506
8153
6503
5376
8508
4193
2024
9941
5109
2779
9004
4297
6781
3532
2795
5479
5876
4207
9863
2279
1293
648
3020
1663
8230
2533
4530
5325
429
4582
990
5555
9050
1141
3368
764
4548
6376
4974
5443
8611
9965
9375
7791
9440
1847
829
3105
8325
2446
3847
4707
3663
652
3932
5728
547
7012
4367
4051
1404
1875
2602
7528
3191
8672
3565
1974
2070
1031
5881
6011
6432
828
1083
2682
2286
7559
449
1520
1436
7995
8743
155
6715
5686
265
9742
7903
8498
5124
8251
2207
7641
9827
7704
8906
2097
2658
8009
8600
7147
9048
7009
3637
6794
7182
4403
5635
7328
7332
7526
7286
1168
310
2039
7242
1737
6501
940
9486
8455
1740
9586
9053
3918
8235
6708
7369
4309
6989
9755
2476
1395
2614
7363
8445
8449
8924
3190
2638
7931
8228
1620
6609
3029
7136
4362
8716
6411
1131
2068
2825
2231
4481
5391
9704
1434
8464
8665
6444
8451
7230
2011
624
880
5879
1491
3858
5670
1382
3069
883
1683
6622
2766
2932
7675
2891
5159
9598
7857
678
7315
4986
7115
2124
1836
6997
2328
4828
5090
7729
5982
9815
6363
9520
7619
1615
6954
3203
4724
6634
1243
9169
3032
608
8742
7924
9158
7878
146
5093
5867
8247
1904
232
5419
3614
9684
2803
7733
9092
7843
8576
1411
360
4130
3568
9354
9496
3135
5863
3506
12
7813
3272
4705
1890
8933
9866
2015
1931
3800
1789
7020
71
7525
6204
7209
184
8169
8644
5176
7153
2439
4607
337
7493
714
7665
9428
1117
8882
3946
3963
2261
4727
623
7066
2778
5386
9868
6608
3220
127
6264
4641
2755
5853
1137
182
1060
916
855
7680
6732
1323
1785
6666
3035
3451
7419
2065
7510
8373
2157
4106
7793
9240
3980
1099
2295
8998
5062
6748
1713
5886
7347
1985
4453
9019
2390
2318
9109
9124
7553
2217
3417
8907
6111
2308
5503
6452
2191
6186
7692
891
5702
3055
5449
7720
1419
5268
2694
1884
5192
4
9699
6869
436
9182
3321
4996
3066
4517
328
740
6741
9088
4611
2637
6255
4682
739
4750
6913
8384
5924
1247
3723
6395
1901
9541
6630
4031
9370
6852
2218
9316
9891
7806
1126
9361
9329
9115
1551
3479
3280
7894
2448
8965
8849
5846
8973
5736
7621
7781
8530
4574
6629
3582
8054
2698
528
4524
2525
7743
8437
9892
9157
8419
9884
2043
8848
9209
6492
2288
3196
1570
347
8157
4665
7027
6606
6046
9899
7373
354
4280
6094
6176
6239
5231
2516
4645
1045
3015
6117
3415
3353
7156
2447
355
1051
4904
4206
3132
3370
4554
5609
6739
629
4095
3327
7264
6409
4325
3854
5098
8671
689
2565
7712
3905
7569
2362
6573
9981
8854
251
5177
460
7741
5596
5343
2547
3975
3790
8406
5711
2238
4173
9309
9345
5765
7906
1373
6882
2216
5489
989
1307
6351
915
7252
1464
8207
8717
5208
3205
4186
7863
8421
8515
8807
4579
5158
4340
2645
8759
4001
8552
2996
9052
9031
3631
9992
7431
3638
939
4178
4998
3251
7068
5345
8306
8102
3062
7506
5929
1539
9822
1094
3622
763
887
4507
6287
299
4183
2169
8588
212
7802
2239
6702
8319
6279
5799
6602
1486
2192
8262
2458
8629
4406
9995
8180
8575
6829
9997
6073
9600
7375
116
2441
7782
3159
6943
344
8532
431
2836
3706
3970
4217
3749
9325
5153
393
4048
4677
3299
7688
8631
5760
2112
9270
4882
5749
5915
1907
6523
1130
7695
2515
2154
7523
27
1837
225
9859
516
7094
2437
3573
9840
1549
9495
47
7912
8467
848
3968
9745
8682
4586
30
1703
7381
5547
7243
4109
9258
3948
7578
893
6049
956
4818
39
9525
7024
1501
5288
5931
2076
7295
4926
9380
4320
3037
8886
8056
590
3377
3217
4889
5505
5939
3334
188
2866
5580
1194
4850
7043
3823
9578
910
1233
8415
5840
8109
1462
675
2102
7584
2714
748
8093
1612
31
6947
2643
4459
2254
54
6865
1160
3540
3942
5587
6512
9134
2838
7288
9554
7337
61
5928
3193
1769
3595
6720
4013
3635
1824
6919
5565
1911
6014
4920
1110
5911
7811
8945
9904
4335
5404
8310
7683
4515
551
9579
9825
2872
2156
5168
247
6208
1863
6112
1509
5572
3240
1361
1745
5238
6559
869
7828
3077
8462
8140
8193
3444
1125
6945
5204
6550
4155
4421
7551
4842
2599
1212
6991
2334
6780
2966
9911
1757
2040
1121
4721
5052
4939
343
8085
3166
5583
1517
5461
3557
3429
2941
5085
4210
9640
3298
5740
7170
4816
145
3000
3986
3187
2459
2685
202
3409
664
8497
1345
5733
3916
6316
3551
1321
5496
5860
2620
5803
7796
7582
2586
5350
2951
9252
1219
5010
3195
8687
3375
3003
9593
3640
8486
4962
3880
607
5119
1606
6980
4440
9767
9780
8918
2220
578
9686
7222
5389
1331
1014
8596
1733
3434
3356
3366
728
6248
7785
824
3735
3281
8675
209
7902
2421
8118
8105
6936
1652
882
4077
9214
1650
9834
9042
7178
6581
6896
1599
4924
6729
2205
9643
4583
6091
3912
4693
8884
3481
8542
9644
5695
1473
2411
3737
9512
2430
4584
7244
6944
7907
5371
8443
8446
6439
5687
771
7833
9461
2054
1741
4209
7352
5384
777
758
6457
4302
5400
2817
5160
7960
1186
222
3390
8244
5792
1007
1263
5363
6753
7275
9468
2354
8349
7316
2964
9073
9389
6628
5292
845
9001
6659
7588
4156
9937
9934
4764
8283
7827
1453
1676
409
3259
5012
5175
6570
8978
8050
2181
2229
523
7869
875
2827
9639
8052
7939
9003
6831
1702
6815
9930
5847
9039
7278
3930
8881
5407
3026
1214
6816
2508
1098
9315
5081
2562
6295
7815
6426
4594
5650
7281
6488
4122
2619
3525
9752
4754
8199
9412
1866
8087
4915
5251
9312
5935
4003
877
4273
5259
4503
2073
975
2873
6631
1005
5316
4687
5802
6270
4033
8528
1852
5063
1564
4433
7403
7616
2061
6616
3430
493
8101
8047
5212
3798
2306
5296
8227
2129
6354
6876
3346
5084
1547
9119
768
8354
2859
9015
7747
7534
2631
4593
1389
1071
2405
9227
9776
6369
6234
5963
6995
1859
309
5058
1300
9016
9213
7038
3750
5815
5861
4176
7143
7574
6706
9489
9894
5721
5589
3698
1457
4930
3322
1483
7280
2395
3422
8308
9424
6817
2649
8898
5678
5229
5395
6082
9294
4261
511
9471
1288
8096
5680
9994
461
5096
8914
4539
8273
647
9352
3539
633
3598
1397
1458
3103
7215
7753
9033
6890
4251
8292
495
7839
1503
9401
5544
6305
1667
4230
957
8471
8707
2746
8129
8699
8265
7858
4123
2087
9527
8139
9120
142
7580
3746
5302
1050
8460
8389
7591
5108
932
1056
4435
1384
5088
3897
5782
1979
5041
8044
9008
6668
2122
6438
950
2520
8630
8291
2785
1506
4295
8830
914
6365
7062
8814
2659
2378
7399
1554
8956
4949
4796
4758
6396
6707
596
336
1454
708
8206
417
3965
706
1993
9490
6436
1163
3507
9792
2723
7439
4131
4647
5916
2098
6983
5154
592
968
2730
3303
7294
1448
447
4599
9335
4101
9514
8715
1800
5374
3391
2499
1742
3445
4213
196
3468
111
4531
4756
896
3960
3399
365
4246
8301
4151
1260
7333
9351
1565
4868
8658
3969
4985
7614
3717
4616
9259
3842
175
2057
3692
7452
5123
8231
5641
4751
4439
8076
1190
9608
55
529
1240
1693
9123
3799
9025
1075
2377
1666
1488
424
5107
1954
3456
9297
1848
5214
2656
9789
783
8821
6889
9670
8909
8171
7251
1113
861
1701
4675
9719
3305
4781
3068
1876
5294
754
4730
3215
1209
9601
8151
3343
9334
9302
9411
7060
3395
8145
2869
3860
7887
9736
7469
838
2787
4763
3752
8094
1610
3074
2880
1949
973
2946
9064
3505
6424
6801
4961
2023
4849
9984
4054
7368
7034
2548
9168
9298
7963
6511
4407
7607
3827
8649
4708
4885
3266
5748
7210
4737
505
7888
6430
5564
4487
4075
9551
4306
2322
7348
1819
5462
6784
2538
9609
4621
5398
9037
7429
2539
8163
701
9735
151
3818
4551
5810
8203
3080
1218
537
1157
4821
9739
407
9476
1237
6175
3063
8520
7422
4696
5676
8642
3922
5491
5291
8968
3725
599
9804
7309
9873
9388
7589
9540
8771
189
3397
8514
2185
5448
6453
8232
9621
4597
5725
131
3127
4780
1315
2732
2701
6776
6970
2285
4360
4464
9728
7004
7440
5132
9452
3574
8159
1379
3229
6219
2975
9220
7504
7201
6549
6955
9497
9642
5896
2355
7970
6102
4233
8320
5526
2913
8224
4768
6494
9909
6961
1020
6495
5487
6310
9079
87
9638
3244
21
2916
4826
6858
3188
8653
5610
1324
4601
3208
8537
1169
2118
9902
8980
3342
7146
2898
9550
3038
279
8731
4226
5566
8489
5993
8108
5188
2389
4543
3073
7759
600
7820
2684
9813
2009
8578
7338
6302
1368
5820
5155
7356
5805
3214
6198
5244
7464
5167
5285
6671
2031
2145
9857
2582
6051
1008
313
8633
9816
5017
6681
235
8200
8995
4390
5511
2086
6296
281
5658
7279
5240
8053
8855
2860
3594
1044
4651
2391
1557
2350
1651
1414
1721
8622
1236
7355
5261
1248
5076
3599
9044
7520
2194
8767
3881
3400
82
819
4771
3138
7442
3618
3956
5640
1972
1541
5004
1777
2427
289
8300
7774
5839
9702
1986
1432
6569
1381
3767
2010
8433
9179
1222
4069
3846
2673
5858
8072
9287
4111
9557
1921
2265
7190
8949
4412
4492
6543
9508
1743
775
2329
5359
445
5409
7290
4966
8938
8571
2460
5247
4775
9009
388
5050
2540
2117
4272
5835
565
8122
2740
8483
455
1471
860
563
4425
9360
3772
9065
6340
2769
972
5629
8426
2268
3680
4074
1343
5523
2691
2577
4140
5030
8966
2651
7336
7006
4812
6021
8041
7633
2587
6926
3313
5895
3338
4058
4852
1718
5594
1347
4565
3883
6648
9090
5951
9343
4066
2096
5216
5277
6273
4369
8516
5844
9228
6717
6389
3510
1516
4983
6728
8835
8893
3329
5665
1132
812
6220
5969
4235
430
9738
1054
2885
6249
8988
8709
3994
3624
2833
5235
1710
1544
5606
4027
9732
5233
9326
5077
1638
4982
9569
1108
5102
8700
4169
7956
348
911
4807
6484
8741
6884
241
7032
8800
7039
4731
9824
453
4208
399
5281
105
2763
3681
4918
9366
2104
1540
9181
5362
8149
1417
3053
640
5094
709
4811
1953
9378
8463
2293
269
1678
7854
6615
9146
1403
381
3792
947
3200
3071
8871
7195
8337
468
9254
9933
3425
7192
8343
2967
2802
1648
4605
628
8903
9463
2588
8651
4552
5341
229
8809
6415
7137
7757
318
6836
841
9647
95
2110
9047
952
637
5995
6665
3258
7570
7475
8503
1482
3848
4688
8326
4878
7022
9756
2532
1646
2044
8656
1380
9504
3600
7473
6252
6920
9320
543
3943
7751
512
8031
8801
438
2605
6086
837
961
5883
5872
272
8113
9828
2517
379
9480
8068
350
8638
1727
8979
2106
435
4212
6799
179
2948
3747
3514
6750
4832
9921
9763
9558
3316
1747
398
4256
749
3376
4695
587
3480
506
8726
3484
2479
3857
3889
6202
4622
193
677
8952
6571
9502
9660
3652
8677
3727
4973
8810
1198
5156
6742
7893
9230
5254
9960
3783
1661
3250
7989
9687
5199
4843
9121
4694
5033
2496
3145
4271
9674
9663
273
2849
2887
4119
2174
3040
8124
6098
1514
9058
1655
2042
4514
3412
3814
5684
1253
9701
7127
6033
670
5232
4884
6392
284
6749
2812
765
1298
1112
2616
4059
3509
6159
5472
2824
1822
3339
6265
3348
9775
2992
5682
3899
9425
2374
6138
3291
9636
8823
2928
742
5446
8487
3344
2733
6135
3829
9620
3703
2396
6838
7855
6476
5859
6282
3628
9617
1265
1656
5045
9217
7091
2925
8569
9746
1679
2184
8313
9245
173
3492
7353
8751
5764
6704
3362
4179
560
6767
610
9856
1838
6647
8797
5465
6042
7629
8781
4414
8738
5027
9903
4535
2219
5201
1673
7394
988
7096
1283
9167
6142
8565
6245
9889
4862
3350
8256
3992
5142
8550
1435
2834
1363
2576
4196
6267
1017
1662
3705
4760
6820
7723
9712
9683
924
2750
4158
8974
8744
110
1181
9272
2343
2491
717
1922
5713
4500
249
157
3176
124
1563
1647
3099
2005
3911
6346
6604
8436
8477
8439
2871
7805
7228
8340
3146
3996
200
2607
7013
5450
3934
8396
7756
8059
8657
5906
4699
8440
7659
1649
2026
8488
4171
2606
5922
1545
3958
5161
3606
9759
1052
9055
9434
5664
4249
6603
5393
8851
8448
6763
9628
9285
8321
2462
9402
2994
1257
4370
1915
5623
7313
5645
1301
6362
7883
3546
5885
2016
7973
3495
4791
5348
4086
7129
6461
2418
1304
2431
6907
6298
2182
7978
6448
673
7255
8366
9982
2596
9161
6498
2249
6259
8567
8791
3177
553
4002
4965
6380
1639
4501
8456
683
4726
4571
6957
8521
4728
8752
9296
6969
5493
7198
4281
9456
442
6222
7925
9341
9492
317
6711
2025
1806
4371
7530
3952
8805
7104
2198
790
3420
9768
1426
8710
747
3664
6225
3017
6213
9599
3490
3898
1474
5055
1941
141
6079
6224
3856
6811
7667
8403
9353
5732
9613
8280
9734
7632
1623
3079
7148
9125
2874
411
6321
7472
1274
6429
5207
7535
6182
5003
1467
1536
9723
2393
2949
6726
497
1439
6431
9966
3170
3270
4278
9831
9159
7063
3438
6191
7606
786
8561
7124
1794
3469
8315
6329
7615
6110
8832
976
5716
1134
960
8067
8441
6335
3307
5006
9035
46
6189
3710
234
3989
9083
7985
464
1758
3011
6240
2821
35
4375
3674
100
759
733
8182
8955
3477
3552
6866
4384
3129
8155
5304
1088
7105
6778
1242
2972
1519
3335
7585
7229
7157
5590
7558
6531
5174
8547
2709
6470
5726
5703
6984
8689
5827
3262
5327
5789
5818
7655
8755
5677
2635
8930
2728
276
3543
7576
798
3109
8381
3577
1172
1818
6339
4150
4851
7125
2379
6027
6092
8492
7713
9673
3977
3813
6490
8817
7231
5470
2884
616
6996
2613
9283
5141
5601
9359
6394
1717
5475
9017
8970
3088
8270
9516
2609
7149
199
1140
9279
9957
7770
6874
7435
2642
3052
5274
9645
1289
6693
1120
2345
6502
180
609
7010
6212
6935
3349
1196
9036
2794
5112
1709
3194
2747
663
1087
2432
5522
9201
7699
2987
6167
4160
8214
1244
4544
840
135
9616
6713
4894
7707
7897
14
674
5282
3769
8187
1365
6361
4368
7801
2888
5694
8763
5241
9968
7572
4153
6675
9787
1724
1122
294
7371
4089
9731
2060
2556
2705
5054
2983
954
4082
34
8274
2302
1146
5741
5260
5899
1550
5973
5891
7968
4134
7784
7794
7649
9842
5655
811
8246
6168
3999
8655
1920
5947
5576
8804
465
1621
7206
7437
8669
6986
6981
8787
9737
9747
6403
2822
3869
9332
3508
7460
1267
7466
8413
2111
9679
6025
9959
7882
3501
2133
8829
7158
6585
1788
6779
2924
5271
7988
6692
2053
8685
1377
2164
654
1697
1376
2875
7545
6927
6118
4277
2724
1078
7049
8554
8603
237
2676
9311
9247
8819
1067
4770
4317
7899
1980
5307
7617
7767
6860
4595
7961
7093
2721
9155
1854
3235
8024
3788
4138
9521
3314
1349
729
7441
2633
7362
4827
9611
8843
5643
7345
4759
6133
2155
8259
2518
614
1415
4428
6177
6589
7876
9677
9187
5538
7982
7780
3396
9718
2166
4167
3461
6624
8450
5360
1401
5418
1927
2492
3872
550
248
6563
8385
5727
4018
4951
4154
1062
9589
3232
3089
3744
4865
5958
636
7532
3513
3115
509
479
1632
4411
1712
3474
5480
2126
6352
2069
304
7555
5321
6891
6216
659
6771
8691
2512
7108
4269
8728
1286
7831
3301
6965
5661
6596
9076
5318
5097
7923
7646
6171
4861
9564
4139
3782
9908
2810
6471
9455
574
9011
5263
2486
9839
4479
49
7494
5082
7173
7284
4590
2626
458
8524
2710
7401
185
1950
1430
6297
2995
4333
1614
7714
4800
8822
6348
4578
4303
500
8538
836
4456
4925
3639
2036
2506
1607
7364
1177
1715
3933
3462
6442
494
3320
9072
7595
6195
5435
5317
8434
1055
7285
1337
6766
1223
4899
5497
9576
4072
7549
3018
3257
6158
6114
4784
3677
8083
8648
962
3072
5569
3660
3494
7237
5337
1484
6759
2858
635
9078
8095
8776
5823
2574
2668
8548
8331
3697
97
9793
1524
1903
7868
341
1760
3293
7644
1802
7565
4135
2400
3104
7267
6481
6421
2669
4268
5875
8919
552
9024
6071
1003
2410
4654
5941
2223
3206
2127
6207
8327
9193
260
7334
4942
8299
2844
1225
6790
9757
5019
4222
8135
8335
8358
1906
3620
6789
2358
4398
7798
293
5660
3852
6584
6588
1276
6022
9128
296
9795
4805
6467
8714
246
267
3925
8040
3218
5697
2080
8222
2115
2585
6095
3199
176
2333
5862
5781
9362
1029
3634
8077
5968
1328
4702
4274
2696
977
8158
7046
15
451
8534
1422
8770
7417
978
3541
4504
2208
1754
6199
8302
5351
107
2572
1344
3418
2999
1902
4857
3019
1555
5342
665
4164
7875
6106
2997
9010
5817
6083
2876
3875
4115
6548
3050
9544
8111
5262
3984
4984
2929
5451
7612
8001
5228
9832
5170
3002
3700
9783
1174
3885
7539
4080
8518
3120
6053
4090
5780
3522
7197
6839
1159
5394
4460
5149
2095
7382
3612
2857
8803
9449
6136
7109
3953
7064
2865
4875
7005
3982
5537
6530
6520
4114
4345
5133
4964
3021
5234
3718
6019
9399
4733
4267
6537
6886
9221
876
1996
9641
6006
6686
2904
7205
8926
6196
5644
684
4391
6291
5029
4944
4814
4194
4397
7126
5717
5129
865
1180
29
3789
121
6885
7599
8541
2150
50
9379
5013
7021
92
2409
2384
9313
8824
2326
9448
1385
5981
2641
5602
9049
192
9319
6000
8484
9327
369
2132
3398
4032
5401
703
967
69
928
1235
6607
5841
2636
825
1731
5619
1192
3781
6587
1446
362
6504
9923
3189
78
406
5237
333
226
4537
3597
9100
8749
8353
9438
1080
9368
2646
8562
8902
6065
4534
3662
7972
5397
8840
258
849
2444
4931
2298
4603
2630
3610
2666
2176
5577
3267
6460
6323
2342
6590
2019
8000
4142
2007
5574
8233
5570
3034
2830
7708
2041
6007
8170
2604
4419
901
1528
5514
2890
1167
9122
6263
6217
6124
3076
3161
3423
8037
5559
830
3285
6722
1817
5171
1538
4488
8239
2564
1421
4538
5634
9269
5769
6356
2452
7273
2816
1510
9895
2474
7602
4121
820
1480
1860
1438
3364
4466
9703
4392
5656
5001
7656
4112
7500
4136
6318
8989
2416
9127
5242
4639
3608
5166
6283
8049
2971
7449
26
1277
2367
6725
2654
9980
7755
9964
9682
137
4198
4545
1183
6274
3147
2330
9369
4787
2232
3659
4260
9869
1585
1668
862
3122
8598
1914
9108
603
5964
5078
3369
2530
8617
4746
2419
7119
9530
1934
6131
6892
6272
9422
9299
2398
2979
727
4908
2077
9271
1833
1636
3784
6806
7308
1905
1916
9922
1808
6698
5190
2629
9618
4482
7962
2939
8703
9577
3867
4040
7721
2557
2407
7302
7030
322
7219
3945
3221
8585
4389
4055
9975
1543
7226
1445
8178
5996
7130
2531
7112
9458
2677
2052
5688
7773
4999
3381
9242
3248
5390
7384
7258
8910
6552
3877
2048
6532
8080
2250
2471
5690
687
9610
4284
734
1891
7737
2936
1502
9958
8577
9180
2813
488
3504
6540
3609
4299
4042
1978
9138
7693
6379
4126
7594
7248
7246
7947
4166
6724
3410
3773
6695
8615
3340
9950
8057
7349
4098
6420
2598
7682
2470
9946
2029
1262
1680
9590
6070
4468
9464
2760
3957
140
9560
711
735
7223
3527
4471
1685
2713
7542
3406
1562
2402
9142
660
243
4866
981
6916
1626
9396
6477
8017
9572
8551
9799
2674
1173
857
9897
2584
339
3802
8409
7691
1091
4523
7710
8762
2275
128
342
5575
6795
6486
6015
3716
3318
8502
1287
7037
8608
6743
5978
7685
1479
4946
2440
881
5375
8131
4257
7101
6664
9238
6299
810
6005
4631
2183
6915
167
8694
2537
692
7717
9059
3554
8609
158
7343
8660
8678
9668
4201
6473
1894
6161
6967
6555
1508
720
8529
4336
1748
4902
6266
6446
2690
3571
630
5759
8857
853
9630
7453
1895
448
5933
564
112
9339
2213
8125
9926
3759
8920
9051
4879
3760
3559
4200
9546
5499
3465
519
9459
566
4376
9164
1273
801
1215
8268
1246
5753
2222
7966
8237
5708
4008
8391
997
1558
316
4978
3878
10000
7951
4221
4125
8374
4743
8680
4903
7031
8684
699
7097
2301
1332
9809
2933
6718
9066
5314
7643
8760
2952
4847
9603
712
6513
2385
8765
2894
3570
7423
7507
3236
4997
9143
1153
6090
5430
6398
6408
4988
4506
6619
8370
9907
1128
404
5811
6888
6917
1764
5790
5873
522
5622
7487
3234
3005
4575
8531
6377
5734
5454
7081
2071
9970
3453
8570
5236
9901
1779
207
6399
8261
1605
4060
6307
3095
970
4266
5785
7505
6241
6364
8860
8925
9573
2672
639
7910
4313
9710
4803
2337
4188
5948
7670
8883
2592
6469
9979
7245
9291
4767
2511
6824
2896
2835
6808
1829
2353
2188
415
1567
1813
5831
3753
2206
3907
9503
5463
5053
4223
9805
8887
8490
485
9811
5382
6638
1037
3964
1191
7722
1026
3891
9467
5213
2234
5987
4690
7189
6493
1778
8993
1981
1038
3695
5542
1490
7055
9475
2768
8861
4444
7952
927
3421
9680
4871
44
3671
9543
2792
8432
9770
5116
6062
6286
984
831
88
8130
6347
2663
3197
3162
8574
7474
6139
7134
2989
5685
8912
3584
634
8229
6183
7428
7478
8948
7077
9333
7636
6028
8637
4769
6567
946
7160
6670
8859
8417
4772
4580
7787
5830
3822
4034
4224
6375
9938
8556
1043
4802
4808
4923
3863
9977
2578
452
6635
3535
934
3363
6215
8566
8061
4880
1674
6475
3503
8279
4007
1340
7671
1640
2082
5705
2451
2711
3816
4615
2567
7465
3533
7725
5745
2235
5693
1857
6627
525
6311
3107
6344
6304
2560
4940
4014
1964
534
7276
1039
6878
5091
1946
5473
9331
5605
1148
7412
905
679
5474
4043
6331
7003
42
9537
8438
2006
8769
919
3245
9241
2417
7191
9662
2756
456
2590
5524
3268
3289
7573
345
4864
3064
1143
909
1939
280
544
6826
3743
8223
526
6428
9417
4365
2247
7726
8976
1285
1032
7326
1998
7955
5103
8137
5151
5324
5775
9365
1975
7300
7227
5771
6226
5618
2579
9306
868
6775
2510
8107
5500
6294
7826
9383
5427
7731
7107
7739
4366
7853
4310
4410
7411
8509
8177
3133
5613
9231
1356
9914
5121
81
8964
1732
885
7914
1226
7088
8753
5663
233
1842
3012
9007
5111
3944
3592
8026
1269
2228
3108
171
9040
2227
3669
2434
4182
7483
4446
8937
4627
1123
8123
8236
2245
6358
9350
4840
23
7120
7379
3373
6048
793
5864
4717
5611
6164
6251
9175
3961
890
1206
6894
1726
4455
6004
102
6982
3097
5829
5128
2729
605
6371
6434
3892
2895
8035
7954
2383
4035
7524
2938
4264
2899
9454
5880
5779
4103
3819
8295
5100
1944
8527
9075
6148
6454
9531
9237
7709
6406
6541
9988
7225
4010
9838
8311
3959
8368
2003
9026
7154
1999
9392
1827
5666
7234
1755
3607
9797
5303
6410
8211
2056
3586
3183
912
7477
7042
7405
4029
7891
1753
7511
1527
7701
6804
2522
1390
3323
5494
7908
8147
2316
8999
5182
7885
7011
4017
3516
8505
9848
4779
6546
8673
6256
8141
4525
5772
1264
8545
5709
6232
8287
6568
584
6257
1427
8189
5275
9404
7250
2159
2136
7430
4296
1441
5959
906
5720
8746
5962
994
6539
2610
1072
8773
2084
5046
7471
2893
7544
3649
6157
3253
6574
5186
9563
9027
3290
4023
7123
7657
5706
9794
3157
2920
1881
2583
3908
3464
4084
8593
815
5804
2477
2686
7186
3585
1256
1425
4416
6355
7150
4237
5889
3085
4064
3487
2369
290
4025
7749
5822
9944
3828
8146
3198
3347
4566
1303
8895
108
1880
4289
9219
3222
3566
7851
7185
2716
581
719
6730
5723
5646
762
3158
8568
8412
2753
1923
9821
5592
8002
7103
2923
2776
1669
7420
4234
5333
6170
9307
7392
5413
2608
1487
4948
7065
366
8150
1696
7041
4900
4363
1787
2883
2135
8997
9652
1208
205
7672
6324
1359
5813
8099
3049
2445
784
7577
4555
5833
1660
9844
3771
437
9205
1357
7840
4327
8595
3936
8880
7874
7443
8379
2523
6832
8465
7163
6517
5972
4288
2725
372
311
2090
4893
5625
3713
4658
6203
1917
2528
7822
510
8474
7213
8333
2762
6069
9186
3556
5331
3296
9971
2703
5870
1796
475
2937
4248
8845
1205
9505
9377
335
4073
3545
9151
4935
5636
8750
4353
305
1635
2494
7529
8695
3838
6881
1063
1670
9243
5738
2248
4697
203
2450
6828
4337
4292
4765
8038
806
9094
3310
2108
2683
3865
4490
3758
245
2808
3971
4945
2478
7111
540
6479
9865
1097
3182
5975
8885
1366
9604
5061
6542
1601
8036
4380
7407
1429
8034
1744
268
231
7238
9139
9129
2266
7913
3741
5189
1281
3647
4637
2138
2568
6963
3548
363
8013
2826
1330
2693
9871
3888
5269
6526
3160
5701
9515
5442
3512
1369
5746
5364
4520
7979
5169
642
6301
1394
951
2399
1512
7372
2428
2851
2028
6314
1533
8387
4132
6464
6785
483
63
2297
5971
5989
3113
1048
3246
6599
380
4684
327
8736
5367
5206
8718
7445
2914
4823
9376
5957
2688
4960
2950
8074
5767
3815
150
1596
2947
631
8612
3491
2853
3275
9555
3306
4870
3386
6388
8479
4437
9356
653
9012
7562
6837
4355
8757
1530
3990
2008
8020
8481
7484
7017
7829
454
7823
8359
6958
6632
8936
3833
8957
7383
8098
5977
3731
16
662
745
7340
5089
9693
9877
9571
4547
4600
7975
1704
8943
5437
1826
9310
2212
4992
8563
6045
3902
7019
6510
3276
7095
2909
3901
8733
2255
4300
5536
3928
9336
667
6370
9769
9249
4570
6024
4550
4352
2493
8719
8780
4736
9542
7623
697
1084
1492
3757
8329
1402
6830
9447
8134
1761
7196
4953
7596
3766
2801
4168
7139
9667
6247
1150
644
3185
3849
9152
7597
4546
7564
5887
2712
4143
7967
408
5399
1560
6441
5549
3408
8164
646
6037
9987
2809
6061
6044
8756
2601
4372
7421
3775
5581
9626
1628
8890
7174
4905
1396
2269
5298
669
6269
3811
5940
5309
6113
6221
