Chicago-20080319.txt
archivo: Chicago-20080319
archivo Txt: data/Chicago-20080319.txt
En en el archivo data/Chicago-20080319.txt hay 3938619 lineas
para k: 20 topK elements:
	k	elemento	frecuenciaKLL		frecuenciaReal	ErrorRelativo
	1	3924991548.000000	31872		15852		1.010598
	2	1049221949.000000	25600		18368		0.393728
	3	1822666299.000000	23552		10073		1.338132
	4	4152446702.000000	20480		12946		0.581956
	5	3430110447.000000	20480		2685		6.627561
	6	1013011261.000000	17920		20213		0.113442
	7	25100095.000000	17472		5698		2.066339
	8	1973833454.000000	16512		20093		0.178221
	9	4017356607.000000	16384		2384		5.872483
	10	1253875348.000000	16384		5099		2.213179
	11	1972949984.000000	14336		7547		0.899563
	12	108986175.000000	14336		3718		2.855836
	13	3027500863.000000	13824		5738		1.409202
	14	1222972398.000000	12416		3457		2.591553
	15	3849584447.000000	12288		1656		6.420290
	16	1454531827.000000	12288		909		12.518152
	17	1282604863.000000	12288		1757		5.993739
	18	470226912.000000	12288		1707		6.198594
	19	164892982.000000	12288		5450		1.254679
	20	2409516782.000000	11264		15874		0.290412


Error Relativo Final: 3.04138
Los datos Parametros se han almacenado correctamente en el archivo resultadosAGraficarTopk/Chicago-20080319.klle0.005000d0.001000c0.666666mk20.txt
