Chicago-20080515.txt
archivo: Chicago-20080515
archivo Txt: data/Chicago-20080515.txt
En en el archivo data/Chicago-20080515.txt hay 12242152 lineas
para k: 20 topK elements:
	k	elemento	frecuenciaKLL		frecuenciaReal	ErrorRelativo
	1	2319049712.000000	177760		165765		0.072361
	2	3715414754.000000	114689		44088		1.601365
	3	3969060082.000000	98304		4882		19.136010
	4	2135190512.000000	89648		83572		0.072704
	5	2385963836.000000	83968		22493		2.733073
	6	1731553883.000000	83512		60777		0.374072
	7	1117214447.000000	81924		19199		3.267097
	8	1563714786.000000	81920		31478		1.602453
	9	288877049.000000	81920		511		159.313112
	10	3218540086.000000	72242		120544		0.400700
	11	4265603390.000000	71684		24582		1.916117
	12	2111418493.000000	70688		34991		1.020177
	13	3695742436.000000	69632		3809		17.280914
	14	2806151.000000	69632		34678		1.007959
	15	1505512430.000000	67616		3086		20.910564
	16	3797086270.000000	67072		18703		2.586163
	17	2542971995.000000	66560		11717		4.680635
	18	1220259555.000000	66560		434		152.364055
	19	2866557277.000000	65589		5987		9.955236
	20	4221362745.000000	65536		3118		20.018602


Error Relativo Final: 21.0157
Los datos Parametros se han almacenado correctamente en el archivo resultadosAGraficarTopk/Chicago-20080515.mrlk200.txt
