Chicago-20080515.txt
archivo: Chicago-20080515
archivo Txt: data/Chicago-20080515.txt
En en el archivo data/Chicago-20080515.txt hay 12242152 lineas
para k: 20 topK elements:
	k	elemento	frecuenciaKLL		frecuenciaReal	ErrorRelativo
	1	3218540086.000000	148096		120544		0.228564
	2	2319049712.000000	139904		165765		0.156010
	3	2050614256.000000	88448		86559		0.021823
	4	2135190512.000000	82176		83572		0.016704
	5	2806151.000000	80000		34678		1.306938
	6	4118716662.000000	73734		37861		0.947492
	7	4273690351.000000	69632		17110		3.069667
	8	3192713278.000000	69632		15811		3.404023
	9	4000692962.000000	65536		38449		0.704492
	10	3698637538.000000	65536		48969		0.338316
	11	390147566.000000	65536		44529		0.471760
	12	100349245.000000	45184		27258		0.657642
	13	2292757744.000000	45120		56051		0.195019
	14	3417289968.000000	45056		30970		0.454827
	15	1589466863.000000	45056		7429		5.064881
	16	944008176.000000	43520		39025		0.115183
	17	3744983545.000000	41488		14977		1.770114
	18	3797086270.000000	41216		18703		1.203711
	19	3681860322.000000	41216		45884		0.101735
	20	1563714786.000000	41088		31478		0.305293


Error Relativo Final: 1.02671
Los datos Parametros se han almacenado correctamente en el archivo resultadosAGraficarTopk/Chicago-20080515.klle0.005000d0.001000c0.666666mk20.txt
