Mawi-20161201.txt
archivo: Mawi-20161201
archivo Txt: data/Mawi-20161201.txt
En en el archivo data/Mawi-20161201.txt hay 94738984 lineas
para k: 20 topK elements:
	k	elemento	frecuenciaKLL		frecuenciaReal	ErrorRelativo
	1	2475887307.000000	14287492		14716627		0.029160
	2	1217006283.000000	6738393		6659858		0.011792
	3	2142338152.000000	2826240		2064746		0.368808
	4	28807697.000000	1572864		1618543		0.028222
	5	3711243978.000000	1466496		1379551		0.063024
	6	1870924491.000000	1208504		1378555		0.123355
	7	4103050513.000000	1179648		924693		0.275719
	8	3780704960.000000	1122304		1349592		0.168412
	9	2044565891.000000	1048576		746611		0.404448
	10	3979091146.000000	963945		1121897		0.140790
	11	3495819968.000000	959756		807792		0.188123
	12	720175005.000000	955520		615454		0.552545
	13	229694154.000000	934920		941732		0.007233
	14	756848141.000000	933888		745910		0.252012
	15	297243153.000000	917508		342850		1.676121
	16	2488952244.000000	917504		465015		0.973063
	17	3275429240.000000	795664		435893		0.825365
	18	95916561.000000	794624		768589		0.033874
	19	2377213813.000000	786584		592530		0.327501
	20	3684509061.000000	786432		52035		14.113520


Error Relativo Final: 1.02815
Mawi-20161201.txt
archivo: Mawi-20161201
archivo Txt: data/Mawi-20161201.txt
En en el archivo data/Mawi-20161201.txt hay 94738984 lineas
