Mendeley.txt
archivo: Mendeley
archivo Txt: data/Mendeley.txt
En en el archivo data/Mendeley.txt hay 2668026 lineas
para k: 20 topK elements:
	k	elemento	frecuenciaKLL		frecuenciaReal	ErrorRelativo
	1	3232235891.000000	1921024		1927165		0.003187
	2	3232238882.000000	24664		6971		2.538086
	3	3232240101.000000	24576		2137		10.500234
	4	3569893875.000000	16440		2732		5.017570
	5	3232235976.000000	16417		6974		1.354029
	6	3232242041.000000	16416		5986		1.742399
	7	3232235826.000000	16416		5528		1.969609
	8	2899906926.000000	16392		1783		8.193494
	9	3642233881.000000	16384		2907		4.636051
	10	3627733454.000000	16384		798		19.531328
	11	3232242287.000000	16384		2748		4.962154
	12	3232242106.000000	16384		1141		13.359334
	13	3232239128.000000	16384		2501		5.550980
	14	3232238616.000000	16384		1951		7.397745
	15	3207028265.000000	16384		2		8191.000000
	16	3154272360.000000	16384		1		16383.000000
	17	3001018707.000000	16384		3		5460.333333
	18	3000864014.000000	16384		1		16383.000000
	19	2996156036.000000	16384		1		16383.000000
	20	2025605726.000000	16384		5		3275.800000


Error Relativo Final: 3308.14
Mendeley.txt
archivo: Mendeley
archivo Txt: data/Mendeley.txt
En en el archivo data/Mendeley.txt hay 2668026 lineas
para k: 20 topK elements:
	k	elemento	frecuenciaKLL		frecuenciaReal	ErrorRelativo
	1	3232235891.000000	1921024		1927165		0.003187
	2	3232238882.000000	24664		6971		2.538086
	3	3232240101.000000	24576		2137		10.500234
	4	3569893875.000000	16440		2732		5.017570
	5	3232235976.000000	16417		6974		1.354029
	6	3232242041.000000	16416		5986		1.742399
	7	3232235826.000000	16416		5528		1.969609
	8	2899906926.000000	16392		1783		8.193494
	9	3642233881.000000	16384		2907		4.636051
	10	3627733454.000000	16384		798		19.531328
	11	3232242287.000000	16384		2748		4.962154
	12	3232242106.000000	16384		1141		13.359334
	13	3232239128.000000	16384		2501		5.550980
	14	3232238616.000000	16384		1951		7.397745
	15	3207028265.000000	16384		2		8191.000000
	16	3154272360.000000	16384		1		16383.000000
	17	3001018707.000000	16384		3		5460.333333
	18	3000864014.000000	16384		1		16383.000000
	19	2996156036.000000	16384		1		16383.000000
	20	2025605726.000000	16384		5		3275.800000


Error Relativo Final: 3308.14
Los datos Parametros se han almacenado correctamente en el archivo resultadosAGraficarTopk/Mendeley.mrlk200.txt
