Mendeley.txt
archivo: Mendeley
archivo Txt: data/Mendeley.txt
En en el archivo data/Mendeley.txt hay 2668026 lineas
para k: 20 topK elements:
	k	elemento	frecuenciaKLL		frecuenciaReal	ErrorRelativo
	1	3232235891.000000	1934080		1927165		0.003588
	2	3232235976.000000	9474		6974		0.358474
	3	3232242041.000000	9232		5986		0.542265
	4	3232238352.000000	8192		5535		0.480036
	5	874528349.000000	8192		1348		5.077151
	6	3232235826.000000	7296		5528		0.319826
	7	3232238871.000000	7168		3170		1.261199
	8	3642233881.000000	6400		2907		1.201582
	9	3232238099.000000	6400		1845		2.468835
	10	3642233869.000000	6176		7066		0.125955
	11	3232240099.000000	6144		3654		0.681445
	12	3232242109.000000	5376		4526		0.187804
	13	3232239122.000000	5120		2120		1.415094
	14	520967176.000000	5120		3266		0.567667
	15	3232238882.000000	4736		6971		0.320614
	16	3232241675.000000	4608		5380		0.143494
	17	3232241934.000000	4480		3816		0.174004
	18	3569893873.000000	4386		2730		0.606593
	19	3642233866.000000	4226		3599		0.174215
	20	3569893877.000000	4224		2581		0.636575


Error Relativo Final: 0.837321
Mendeley.txt
archivo: Mendeley
archivo Txt: data/Mendeley.txt
En en el archivo data/Mendeley.txt hay 2668026 lineas
para k: 20 topK elements:
	k	elemento	frecuenciaKLL		frecuenciaReal	ErrorRelativo
	1	3232235891.000000	1934080		1927165		0.003588
	2	3232235976.000000	9474		6974		0.358474
	3	3232242041.000000	9232		5986		0.542265
	4	3232238352.000000	8192		5535		0.480036
	5	874528349.000000	8192		1348		5.077151
	6	3232235826.000000	7296		5528		0.319826
	7	3232238871.000000	7168		3170		1.261199
	8	3642233881.000000	6400		2907		1.201582
	9	3232238099.000000	6400		1845		2.468835
	10	3642233869.000000	6176		7066		0.125955
	11	3232240099.000000	6144		3654		0.681445
	12	3232242109.000000	5376		4526		0.187804
	13	3232239122.000000	5120		2120		1.415094
	14	520967176.000000	5120		3266		0.567667
	15	3232238882.000000	4736		6971		0.320614
	16	3232241675.000000	4608		5380		0.143494
	17	3232241934.000000	4480		3816		0.174004
	18	3569893873.000000	4386		2730		0.606593
	19	3642233866.000000	4226		3599		0.174215
	20	3569893877.000000	4224		2581		0.636575


Error Relativo Final: 0.837321
Mendeley.txt
archivo: Mendeley
archivo Txt: data/Mendeley.txt
En en el archivo data/Mendeley.txt hay 2668026 lineas
para k: 20 topK elements:
	k	elemento	frecuenciaKLL		frecuenciaReal	ErrorRelativo
	1	3232235891.000000	1934080		1927165		0.003588
	2	3232235976.000000	9474		6974		0.358474
	3	3232242041.000000	9232		5986		0.542265
	4	3232238352.000000	8192		5535		0.480036
	5	874528349.000000	8192		1348		5.077151
	6	3232235826.000000	7296		5528		0.319826
	7	3232238871.000000	7168		3170		1.261199
	8	3642233881.000000	6400		2907		1.201582
	9	3232238099.000000	6400		1845		2.468835
	10	3642233869.000000	6176		7066		0.125955
	11	3232240099.000000	6144		3654		0.681445
	12	3232242109.000000	5376		4526		0.187804
	13	3232239122.000000	5120		2120		1.415094
	14	520967176.000000	5120		3266		0.567667
	15	3232238882.000000	4736		6971		0.320614
	16	3232241675.000000	4608		5380		0.143494
	17	3232241934.000000	4480		3816		0.174004
	18	3569893873.000000	4386		2730		0.606593
	19	3642233866.000000	4226		3599		0.174215
	20	3569893877.000000	4224		2581		0.636575


Error Relativo Final: 0.837321
Los datos Parametros se han almacenado correctamente en el archivo resultadosAGraficarTopk/Mendeley.mrlk20.txt
