1916928 1927165 3232235891
10240 5006 3232242037
9232 6971 3232238882
8192 2629 3569893872
8192 1785 3232238370
8192 441 1249740221
6656 7066 3642233869
6144 1366 3232268561
6144 379 3232268306
6144 708 3232240125
6144 3654 3232240099
6144 4308 3232239137
6144 7976 3232238883
6144 1252 3232238869
6144 2450 3232238360
6144 5528 3232235826
6144 2132 874062042
6144 3266 520967176
5120 2581 3569893877
5120 2065 3232242070
4112 2750 3569893878
4096 1 3752858628
4096 3 3651785445
4096 1802 3642233865
4096 85 3627734154
4096 4 3586583689
4096 2 3569933034
4096 2732 3569893875
4096 5 3240032544
4096 2748 3232242287
4096 2477 3232242122
4096 970 3232242112
4096 1263 3232242103
4096 1492 3232242081
4096 747 3232242079
4096 4151 3232242068
4096 2137 3232240101
4096 341 3232239127
4096 2120 3232239122
4096 474 3232238629
4096 906 3232238617
4096 1077 3232238145
4096 1845 3232238099
4096 573 3232235987
4096 6974 3232235976
4096 2 3208605655
4096 1 3208513949
4096 8 3207027197
4096 4 3207024660
4096 2 3207021780
4096 2 3154297296
4096 3 3154260030
4096 1096 3106590040
4096 2 3024883591
4096 6 3012505155
4096 4 3000985739
4096 2 3000972652
4096 23 3000933310
4096 2 3000919010
4096 53 3000862761
4096 2 3000835525
4096 85 3000813262
4096 1 3000775642
4096 4 3000114525
4096 4 2996094614
4096 2 2991537582
4096 2 2987465902
4096 23 2959877687
4096 47 2899906766
4096 41 2656385546
4096 13 2025608606
4096 12 2025606271
4096 2 2025587571
4096 24 2000039383
4096 4 1912884780
4096 4 1844783046
4096 2 1844782518
4096 24 1844782129
4096 8 1844781814
4096 21 1844781604
4096 21 1844781294
4096 2209 1842241570
4096 6 1834860391
4096 4 1834834528
4096 10 1834808201
4096 1 1834756148
4096 9 1796664948
4096 4 1605651518
4096 114 1583627403
4096 3 1573310952
4096 1 1566041406
4096 14 1565956804
4096 1 1565939826
4096 2 1565632263
4096 4 1548547892
4096 3 1509187376
4096 3 1507337927
4096 7 1476017881
4096 25 1467268943
4096 50 1467268378
4096 2 1404656583
4096 29 1383453342
4096 1049 1336893810
4096 3 1336889434
4096 269 1332042195
4096 11 1308097532
4096 9 1307777123
4096 106 1294893634
4096 25 1074550948
4096 5 1040463765
4096 143 520969506
4096 2 469747533
4096 3 301739043
4096 16 97445897
4096 9 34993705
3072 2907 3642233881
3072 3816 3232241934
2560 5380 3232241675
2304 947 1507337618
2056 3599 3642233866
2048 85 3735043433
2048 526 3642235009
2048 20 3561297328
2048 49 3561296589
2048 35 3561295874
2048 7 3523459146
2048 14 3453598723
2048 1908 3232242306
2048 981 3232242115
2048 1371 3232242113
2048 4526 3232242109
2048 1141 3232242106
2048 917 3232242089
2048 437 3232242077
2048 5986 3232242041
2048 1531 3232242039
2048 419 3232242032
2048 605 3232242000
2048 3158 3232241956
2048 946 3232239142
2048 528 3232239140
2048 1317 3232239136
2048 1747 3232239133
2048 1217 3232238362
2048 5535 3232238352
2048 1795 3232238127
2048 2638 3232238097
2048 3 3216467448
2048 35 3170893244
2048 6 3170889525
2048 39 3170889148
2048 40 3170882644
2048 25 3170871065
2048 30 3170870717
2048 29 3170868867
2048 86 3170248306
2048 4 3161842566
2048 15 3154276778
2048 35 3107881321
2048 38 3077126565
2048 44 3003036425
2048 120 3002985104
2048 119 3002983798
2048 60 3002983251
2048 59 3002979837
2048 6 3001011464
2048 1 3000902910
2048 45 3000886331
2048 36 3000835059
2048 15 3000697590
2048 126 2996156142
2048 119 2996116162
2048 95 2937404009
2048 1 2902499257
2048 284 2899906916
2048 4 2548895243
2048 91 2071559302
2048 29 1927115743
2048 20 1836662551
2048 53 1836659506
2048 25 1836653191
2048 34 1834860527
2048 39 1834805637
2048 227 1834797319
2048 2 1831600882
2048 35 1796557417
2048 9 1755075033
2048 35 1745882120
2048 4 1591714340
2048 16 1565974865
2048 65 1541265824
2048 7 1536574780
2048 64 1536447999
2048 4 1421243720
2048 3 1367915088
2048 3 1360992745
2048 27 1360149116
2048 45 1360147980
2048 65 1348335361
2048 4 1340713274
2048 1 1307777465
2048 48 1298742334
2048 25 1298739867
2048 19 1298732767
2048 3 1294915516
2048 278 1249742781
2048 23 1074550915
2048 20 1018479179
2048 3 921403614
2048 42 872479808
2048 360 520963841
2048 42 390040347
2048 1165 85376864
2048 636 85376849
2048 8 84541664
1536 581 3232242116
1536 589 3232238582
1024 960 3642233861
1024 834 3232242125
1024 693 3232240108
1024 3736 3232240094
1024 730 3007103750
1024 10 3000778378
1024 26 1844782205
1024 28 1844781656
1024 10 1842291520
1024 206 1579097363
1024 1 1566008887
1024 1 1534860382
1024 86 1467268362
1024 214 921095146
1024 907 873147481
1024 196 411555630
512 4 3569909796
512 10 3288102650
512 2 3170871307
512 2 3154297062
512 5 3154257349
512 2 3000929050
512 111 3000888976
512 4 2996163868
512 1 2996089725
512 5 2987841797
512 35 2959767620
512 21 1844782773
512 4 1844782542
512 18 1844782251
512 20 1844782123
512 17 1844781272
512 10 1844781141
512 5 1834752162
512 2 1825773437
512 1 1592058005
512 12 1592057881
512 1 1565981581
512 2 1507385724
512 24 1467268367
512 27 1410742026
512 11 1332067590
512 4 1307777574
512 12 1052870983
512 17 1040463617
512 23 92696214
256 23 2987842549
256 7 1844782469
256 4 1836051746
256 2 1589496367
256 4 1298739831
48 89 1467268409
32 1736 3232242128
32 1 3170868891
32 16 2987843026
32 20 1844782096
32 1 1565969038
32 4 1526846242
32 10 1467261694
32 1 1310622176
32 143 411544733
16 3 3560849349
16 1 3000886387
16 2 2996107284
16 32 1844782981
16 3 1605659967
16 7 1307777470
16 5 1040463736
8 1 3000796042
8 6 1605661512
19252
