1928192 1927165 3232235891
8960 7976 3232238883
7426 6974 3232235976
6656 6971 3232238882
6400 5535 3232238352
5520 3158 3232241956
5120 4649 3232238865
4992 5380 3232241675
4864 4526 3232242109
4864 5986 3232242041
4736 7066 3642233869
4672 3266 520967176
4608 4151 3232242068
4608 3825 1507377792
4224 2750 3569893878
4096 5006 3232242037
4096 3654 3232240099
4096 5528 3232235826
3840 1366 3232268561
3840 4308 3232239137
3584 2907 3642233881
3584 2450 3232238360
3330 3599 3642233866
3328 1291 3232239823
3088 2629 3569893872
3072 2732 3569893875
3072 2477 3232242122
3072 1141 3232242106
3072 1263 3232242103
3072 2120 3232239122
3072 2132 874062042
2688 3736 3232240094
2576 3816 3232241934
2560 798 3627733454
2560 1773 3232243227
2560 1492 3232242081
2560 2299 3232242045
2304 920 3232240111
2304 1783 2899906926
2192 2581 3569893877
2178 2730 3569893873
2176 2611 3569893879
2176 2512 3569893876
2176 2657 3569893874
2048 1802 3642233865
2048 2748 3232242287
2048 1252 3232242095
2048 2321 3232242087
2048 1522 3232242078
2048 2065 3232242070
2048 1531 3232242039
2048 1317 3232239136
2048 2501 3232239128
2048 1924 3232239118
2048 3170 3232238871
2048 1951 3232238616
2048 589 3232238582
2048 1077 3232238145
2048 1795 3232238127
2048 2638 3232238097
2048 450 520967172
1920 1587 3232238359
1792 2137 3232240101
1792 1230 3232239134
1792 2209 1842241570
1664 1736 3232242128
1664 1946 3232242101
1536 960 3642233861
1536 1908 3232242306
1536 1152 3232242251
1536 494 3232242245
1536 917 3232242089
1536 1392 3232242088
1536 1351 3232242084
1536 1217 3232238362
1536 1845 3232238099
1536 227 1834797319
1536 49 883832946
1408 616 3232236000
1280 730 3007103750
1280 1462 3000984903
1280 121 1249742780
1152 1371 3232242113
1152 556 520967220
1088 255 1834781566
1040 80 3162013552
1024 1 3753704250
1024 85 3735043433
1024 24 3721573341
1024 3 3646183734
1024 9 3642414461
1024 288 3642233918
1024 968 3642233105
1024 60 3627734733
1024 6 3627733416
1024 53 3586584634
1024 365 3569937542
1024 2 3569920726
1024 3 3569895616
1024 22 3569893768
1024 283 3569893651
1024 3 3569885190
1024 4 3564305160
1024 29 3560841504
1024 20 3339754697
1024 209 3283233138
1024 79 3283231066
1024 45 3250474230
1024 1459 3232268304
1024 573 3232242255
1024 968 3232242246
1024 834 3232242125
1024 981 3232242115
1024 970 3232242112
1024 206 3232242075
1024 567 3232242074
1024 564 3232242071
1024 1252 3232242046
1024 419 3232242032
1024 1745 3232241976
1024 134 3232241966
1024 708 3232240125
1024 1178 3232240103
1024 1319 3232239148
1024 528 3232239140
1024 635 3232239139
1024 29 3232239131
1024 140 3232238870
1024 1252 3232238869
1024 871 3232238634
1024 119 3232238627
1024 906 3232238617
1024 1785 3232238370
1024 2166 3232238357
1024 730 3232238349
1024 57 3223396200
1024 9 3208637886
1024 2 3208583096
1024 4 3208573266
1024 15 3208535095
1024 2 3208491459
1024 3 3208461721
1024 2 3208421701
1024 1 3208161149
1024 4 3207028285
1024 2 3207027807
1024 12 3207026300
1024 6 3207024872
1024 4 3207023979
1024 3 3207022982
1024 2 3207022167
1024 2 3207021293
1024 4 3207020547
1024 3 3207000536
1024 2 3206942784
1024 2 3170889510
1024 86 3170248306
1024 89 3162013530
1024 3 3154309062
1024 4 3154303332
1024 2 3154275424
1024 1 3154273496
1024 3 3154265781
1024 2 3154258152
1024 366 3111561474
1024 288 3108657658
1024 139 3106252873
1024 20 3106037343
1024 11 3105587228
1024 3 3012524034
1024 2 3012504306
1024 2 3012246022
1024 4 3012225705
1024 186 3007103778
1024 1 3002764039
1024 153 3001929861
1024 1 3001022078
1024 10 3001019690
1024 2 3001009066
1024 1 3000997439
1024 8 3000994683
1024 39 3000978220
1024 2 3000970246
1024 2 3000956725
1024 9 3000934280
1024 12 3000930642
1024 1 3000920112
1024 165 3000911446
1024 4 3000905426
1024 4 3000896753
1024 9 3000891514
1024 6 3000886400
1024 2 3000880947
1024 1 3000870994
1024 8 3000858852
1024 97 3000847343
1024 2 3000836761
1024 74 3000830005
1024 3 3000826662
1024 190 3000820412
1024 12 3000816552
1024 6 3000791479
1024 1 3000785006
1024 7 3000773012
1024 3 3000261729
1024 2 2996172023
1024 126 2996156142
1024 3 2996147771
1024 3 2996146396
1024 1 2996131789
1024 2 2996122168
1024 2 2996114360
1024 3 2996100004
1024 13 2996085484
1024 2 2996077696
1024 2 2996075024
1024 2 2996063341
1024 2 2996045161
1024 3 2991536230
1024 2 2991530667
1024 23 2987842549
1024 7 2987466397
1024 11 2959877790
1024 1 2957461964
1024 12 2957230364
1024 141 2899907434
1024 2 2861986928
1024 112 2745962463
1024 6 2656390582
1024 121 2539981957
1024 4 2472235799
1024 41 2345694752
1024 928 2194889409
1024 2 2097020584
1024 48 2056187733
1024 42 2056156318
1024 1 2025610995
1024 2 2025610361
1024 3 2025608014
1024 8 2025607360
1024 3 2025606970
1024 2 2025606507
1024 2 2025606133
1024 5 2025605767
1024 10 2025605389
1024 2 2025603110
1024 2 2025588474
1024 10 2025588117
1024 3 2025587773
1024 40 1971848000
1024 6 1912885920
1024 13 1912885084
1024 59 1890579951
1024 4 1844821149
1024 3 1844812241
1024 1 1844798757
1024 19 1844783024
1024 25 1844782946
1024 15 1844782874
1024 12 1844782763
1024 15 1844782687
1024 29 1844782627
1024 23 1844782417
1024 13 1844782367
1024 72 1844782316
1024 19 1844782262
1024 20 1844782123
1024 12 1844782089
1024 20 1844782013
1024 12 1844781897
1024 22 1844781743
1024 32 1844781709
1024 14 1844781664
1024 10 1844781502
1024 39 1844781443
1024 4 1844781364
1024 17 1844781296
1024 23 1844781238
1024 11 1844781158
1024 21 1844781133
1024 116 1842241970
1024 15 1836744291
1024 55 1836743438
1024 157 1836742097
1024 59 1836730148
1024 9 1836664666
1024 24 1836655145
1024 22 1834902119
1024 3 1834860538
1024 12 1834854883
1024 2 1834844485
1024 4 1834837300
1024 5 1834829589
1024 54 1834816763
1024 3 1834815001
1024 2 1834807702
1024 3 1834786318
1024 26 1834785313
1024 11 1834783847
1024 80 1834774499
1024 2 1834769047
1024 3 1834755726
1024 309 1822538884
1024 1 1792740923
1024 2 1791471296
1024 10 1757972928
1024 28 1752162535
1024 2 1728519837
1024 2 1605663102
1024 37 1605655756
1024 24 1605644687
1024 3 1605633073
1024 3 1599447869
1024 1 1599440283
1024 91 1589505360
1024 219 1589495775
1024 63 1589491859
1024 4 1589489442
1024 6 1589483116
1024 13 1583625726
1024 2 1574911105
1024 7 1572362801
1024 17 1566044686
1024 3 1566039093
1024 3 1566031394
1024 1 1566016622
1024 354 1566013665
1024 6 1566002058
1024 307 1565983857
1024 13 1565977941
1024 2 1565970360
1024 2 1565960232
1024 4 1565943571
1024 5 1565929741
1024 12 1565918496
1024 4 1559531062
1024 3 1548451654
1024 58 1542837908
1024 2 1542465768
1024 11 1541058331
1024 2 1538876226
1024 104 1536580622
1024 4 1536457330
1024 3 1528897699
1024 4 1519984858
1024 4 1507357986
1024 2 1507352718
1024 25 1507340267
1024 15 1507334890
1024 5 1507332619
1024 4 1505145700
1024 208 1500446109
1024 11 1488909442
1024 93 1475202785
1024 4 1469385058
1024 109 1467268966
1024 58 1467268411
1024 32 1467268386
1024 38 1467268373
1024 42 1467268366
1024 2 1440655878
1024 3 1420518920
1024 2 1410742858
1024 221 1410741594
1024 17 1410736740
1024 2 1395952480
1024 9 1383456097
1024 2 1383453966
1024 20 1383451410
1024 3 1350716700
1024 12 1347535084
1024 3 1338533078
1024 1049 1336893810
1024 5 1334615814
1024 10 1332078347
1024 3 1332071083
1024 118 1332063754
1024 55 1332046702
1024 4 1332042135
1024 16 1332034917
1024 5 1315794443
1024 5 1310633005
1024 11 1310223751
1024 20 1307777998
1024 11 1307777863
1024 14 1307777573
1024 13 1307777484
1024 25 1307777275
1024 7 1307777121
1024 7 1307776643
1024 8 1307776559
1024 27 1298733125
1024 6 1294915744
1024 1 1294910220
1024 106 1294893634
1024 10 1249758875
1024 352 1233961850
1024 61 1123631276
1024 25 1055916611
1024 15 1040464370
1024 10 1040464219
1024 9 1040464129
1024 11 1040463776
1024 10 1007103717
1024 70 921952486
1024 12 921094774
1024 9 918603018
1024 25 874714096
1024 42 874134723
1024 69 872480064
1024 4 787544946
1024 12 782665238
1024 4 773893145
1024 3 633979422
1024 38 520969475
1024 544 520963843
1024 1 457157197
1024 2 411557233
1024 3 411553049
1024 101 411537026
1024 2 411529706
1024 2 411523003
1024 106 411503722
1024 43 386387103
1024 17 301498605
1024 207 98743319
1024 13 97445979
1024 4 93498208
1024 26 92696263
1024 280 85376850
768 353 3627734030
768 1609 3232242108
768 2333 3232235989
768 155 3154293554
576 594 910484341
576 27 29153992
528 441 1249740221
512 45 3651788170
512 54 3651785194
512 14 3642414890
512 135 3627733410
512 4 3579842514
512 36 3569931444
512 32 3569914124
512 233 3569902858
512 49 3569893849
512 45 3561297497
512 44 3561297483
512 300 3561296599
512 39 3561296118
512 44 3561295472
512 46 3561292909
512 29 3561292907
512 65 3415664397
512 46 3288543998
512 293 3261770926
512 104 3241503266
512 768 3232268575
512 784 3232242121
512 781 3232242093
512 1827 3232242072
512 427 3232242034
512 389 3232240112
512 297 3232240088
512 946 3232239142
512 25 3232238884
512 655 3232238355
512 318 3232236002
512 30 3232235997
512 37 3232235856
512 1 3217127913
512 2 3216471289
512 30 3170893223
512 25 3170893173
512 49 3170890668
512 35 3170890099
512 39 3170888959
512 30 3170884713
512 40 3170882644
512 14 3170878926
512 4 3170878779
512 44 3170875463
512 30 3170874678
512 35 3170873275
512 30 3170873252
512 29 3170872636
512 29 3170872242
512 24 3170871098
512 29 3170870774
512 6 3170869201
512 40 3170869092
512 45 3170868953
512 39 3170868516
512 35 3170868053
512 20 3170866900
512 24 3170866329
512 6 3170865569
512 45 3170862759
512 39 3170862071
512 47 3170862030
512 45 3170861954
512 168 3160225864
512 3 3154277111
512 47 3154270069
512 14 3154255737
512 22 3106037293
512 34 3104947384
512 185 3007103756
512 1023 3007103751
512 30 3003035946
512 20 3003034996
512 60 3003025607
512 45 3002988934
512 20 3002985231
512 60 3002983827
512 119 3002983798
512 59 3002983676
512 60 3002983401
512 35 3002982529
512 59 3002981722
512 66 3002981665
512 36 3002980771
512 59 3002979837
512 59 3002979758
512 58 3002979694
512 52 3002977775
512 62 3002977581
512 30 3002977414
512 15 3002976110
512 40 3002976033
512 45 3001018351
512 24 3000963688
512 60 3000957368
512 24 3000888016
512 95 3000868422
512 9 3000788481
512 7 3000698843
512 30 3000698292
512 119 2996116162
512 49 2996106975
512 141 2991536959
512 69 2991536826
512 2 2972023770
512 11 2957233383
512 7 2920358996
512 47 2915097664
512 3 2838971389
512 62 2838902732
512 4 2737825344
512 27 2656385656
512 64 2539981926
512 2 2449477932
512 21 2374526949
512 4 2328649934
512 18 2188770466
512 34 2013685423
512 13 2001497506
512 34 1967072760
512 33 1904551082
512 16 1861233959
512 91 1844781896
512 30 1844034388
512 46 1838849639
512 160 1836664514
512 40 1836660441
512 49 1836657915
512 24 1836656618
512 19 1836654817
512 3 1836654729
512 29 1836651997
512 20 1836650800
512 36 1836649406
512 35 1836649227
512 17 1836647845
512 25 1836050028
512 7 1834806423
512 2 1828334163
512 3 1760832369
512 398 1757689392
512 30 1599795790
512 4 1591629098
512 48 1589505738
512 149 1589496373
512 749 1589492464
512 4 1575214321
512 44 1572489320
512 12 1565957551
512 31 1565956878
512 173 1565938245
512 255 1565932831
512 192 1559534088
512 3 1542991533
512 258 1541276697
512 22 1536582407
512 135 1507374306
512 4 1489999938
512 3 1481535526
512 5 1476457031
512 3 1475201657
512 55 1432265597
512 1 1422091163
512 30 1410737208
512 3 1403158663
512 61 1383451758
512 38 1380233542
512 44 1360150492
512 44 1360150161
512 55 1360150139
512 19 1360150100
512 74 1360148268
512 44 1360148092
512 4 1350569501
512 20 1347070191
512 25 1347070013
512 49 1336897506
512 45 1336897289
512 16 1336894361
512 20 1336892240
512 24 1336892175
512 24 1336889163
512 10 1336887834
512 49 1336887639
512 15 1336885918
512 29 1336885788
512 19 1336885282
512 148 1332054504
512 4 1311414917
512 37 1308682545
512 4 1301527043
512 29 1298741955
512 4 1298740808
512 27 1298737436
512 16 1298733757
512 30 1298733077
512 30 1298732048
512 44 1298731880
512 1 1294908485
512 37 1291543619
512 202 1249745323
512 48 1123631194
512 214 921095146
512 25 921004380
512 26 915714286
512 15 878281118
512 27 801772279
512 7 787524299
512 1 774386724
512 53 773254913
512 9 623069168
512 4 621983836
512 3 520968966
512 360 520963841
512 219 411560911
512 196 411555630
512 204 411554161
512 54 212005590
512 25 95167797
512 15 95167742
512 44 95166718
512 27 95166506
512 61 92696033
512 636 85376849
384 693 3232240108
256 667 3627734734
256 145 3585379718
256 7 3569895670
256 2 3569885530
256 13 3236292914
256 487 3232242124
256 392 3232241962
256 20 3232235920
256 4 3170876964
256 12 3154283320
256 42 3108714531
256 194 3002980436
256 2 3000915228
256 1 3000901576
256 4 3000792501
256 2 3000261380
256 2 2996092861
256 285 2991527431
256 1 2953363769
256 150 2899906915
256 122 2899906882
256 103 2675577783
256 41 2560819300
256 40 2014221707
256 42 1885574374
256 48 1844827681
256 12 1844782777
256 51 1844782282
256 106 1844782020
256 12 1844781855
256 3 1844781546
256 17 1844781169
256 61 1844779080
256 7 1836647462
256 1 1834875056
256 3 1834778994
256 18 1752164581
256 25 1746020394
256 13 1599446919
256 4 1574825525
256 3 1572362596
256 4 1568748264
256 8 1565984910
256 2 1536458019
256 4 1530961523
256 90 1507359781
256 94 1507357072
256 227 1475202809
256 1 1467259163
256 4 1413393402
256 36 1383452050
256 6 1360150134
256 4 1311414400
256 44 1310634024
256 14 1307777397
256 33 1123631190
256 7 1040463731
256 59 1021230508
256 22 872479881
256 91 520967202
256 7 392508330
144 13 1040463628
128 4 3656924298
128 4 3586583869
128 14 3569909011
128 50 3569893837
128 34 3569893766
128 1 3561295529
128 86 3253483768
128 950 3232242091
128 605 3232242000
128 23 3232238867
128 6 3170250100
128 2 3154294621
128 4 3154270258
128 1 3154262531
128 646 3007103796
128 10 3001930486
128 1 3000977309
128 1 3000966414
128 1 3000902946
128 2 3000886489
128 2 3000797577
128 2 3000782085
128 2 2996170493
128 4 2996155469
128 1 2996120043
128 36 2996089333
128 2 2996064298
128 2 2991532086
128 27 2991522870
128 4 2987842208
128 41 2794021489
128 2 1844820133
128 2 1844804433
128 19 1844782921
128 32 1844782794
128 18 1844782666
128 18 1844782566
128 34 1844782238
128 20 1844782096
128 17 1844781901
128 21 1844781613
128 28 1844781490
128 10 1844781378
128 23 1844781283
128 30 1844781062
128 4 1836674426
128 1 1834908008
128 6 1834851825
128 2 1834836657
128 1 1834782768
128 4 1833451045
128 2 1605661251
128 2 1605653716
128 3 1605636906
128 12 1592058909
128 157 1583627492
128 5 1566047106
128 84 1565988730
128 6 1565957627
128 4 1565926278
128 1 1536573865
128 1 1536445963
128 5 1507357609
128 1 1507353961
128 2 1481566950
128 12 1467268983
128 62 1467268391
128 4 1418501956
128 85 1383451170
128 4 1338652766
128 9 1334615829
128 1 1310631142
128 2 1294916746
128 102 1249745480
128 135 1249745386
128 23 1094106206
128 11 1040464286
128 11 1040464199
128 58 919098726
128 907 873147481
128 1 787539214
128 53 778927436
128 71 678625580
128 5 623067380
128 1 411526908
128 2 411523328
128 2 411502101
128 26 97446074
128 4 95168351
128 7 34200899
64 3 3000886325
64 2 3000844765
64 9 3000786611
64 15 3000260663
64 2 2996143710
64 1 2991536755
64 35 2796502289
64 4 1844805188
64 22 1844782681
64 18 1844782415
64 20 1844781777
64 16 1844781696
64 21 1844781156
64 2 1836743837
64 2 1836739340
64 2 1834848458
64 4 1833450594
64 2 1605648265
64 4 1574576076
64 2 1565966729
64 4 1565955629
64 4 1536583161
64 11 1507357640
64 47 1467268354
64 2 1336895388
64 13 1332046018
64 16 1307777672
64 11 1052869167
64 84 411545387
64 4 411513378
32 5 1307776760
32 1 1294893063
32 18 411528553
16 4 3167895452
16 1 3000855099
16 16 3000827993
16 4 3000261808
16 5 2991522569
16 4 2987841795
16 14 1844782433
16 30 1844782185
16 37 1836743176
16 3 1834839534
16 35 1796557417
16 2 1565956694
16 3 1565952876
16 2 1565931491
16 2 1507392726
16 1 1507372337
16 10 1467261694
16 20 1383454438
16 3 1334615855
16 3 1307777968
16 4 1307777574
16 2 1307777361
16 22 92696315
2 4 3378221339
2 1 3000979160
2 1 3000796042
2 32 1844782180
2 4 1836671495
2 1 1294907305
2 37 1294893878
2 4 921151700
1 2 3000997071
1 2 3000802633
1 2 2996062241
1 6 1605661512
93340
