1927168 1927165 3232235891
18520 6971 3232238882
16473 2730 3569893873
16416 7066 3642233869
16416 1587 3232238359
16416 3825 1507377792
16384 10 3586577067
16384 9 3526917488
16384 1141 3232242106
16384 1522 3232242078
16384 392 3232241962
16384 2137 3232240101
16384 2638 3232238097
16384 3 3207026525
16384 4 3154281251
16384 1 3001018596
16384 3 3000894213
16384 37 2996173959
16384 11 2959878377
16384 2 2025606293
16384 14 2000041572
16384 14 1844781990
16384 2 1834874749
16384 4 1834783793
16384 4 1589493622
16384 2 1565972478
16384 103 1451830639
16384 20 1307777998
16384 79 1249740220
16384 6 774378852
16384 2 411533974
10241 6974 3232235976
8216 3816 3232241934
8208 250 3000921771
8192 5 3720854053
8192 183 3569909262
8192 3 3288097342
8192 2477 3232242122
8192 2321 3232242087
8192 2299 3232242045
8192 2120 3232239122
8192 4649 3232238865
8192 39 3170889882
8192 20 3170865868
8192 5 3145366647
8192 15 3002981861
8192 24 2675577777
8192 9 1836660024
8192 1 1834751618
8192 63 1542837776
8192 74 1360148268
8192 15 1336892520
8192 18 918604733
8192 4 621983780
4096 4308 3232239137
2176 1736 3232242128
2080 3736 3232240094
2057 3599 3642233866
2057 3158 3232241956
2056 5380 3232241675
2048 54 3271020721
2048 1371 3232242113
2048 2065 3232242070
2048 2 3205249483
2048 1023 3007103751
2048 3 2996171704
2048 4 2736022414
2048 2 1844794427
2048 109 1844781793
2048 1325 1844776490
2048 25 1746020394
2048 173 1565938245
2048 6 1507372661
2048 9 1414191592
2048 106 1294893634
2048 907 873147481
2048 48 608096269
2048 1165 85376864
64 2611 3569893879
56 2750 3569893878
56 2581 3569893877
56 950 3232242091
56 89 1467268409
48 2732 3569893875
48 19 1383456105
40 2512 3569893876
40 5986 3232242041
40 2 3000956309
32 75 3627734058
32 1 3569931952
32 112 3569893853
32 3 3569887025
32 209 3283233138
32 1366 3232268561
32 487 3232242124
32 1946 3232242101
32 427 3232242034
32 1230 3232239134
32 1115 3232238864
32 2333 3232235989
32 68 3223256444
32 2 3170865432
32 1 3154300906
32 1 3154269844
32 135 3108714586
32 1 3001023763
32 37 3001009628
32 6 3000905448
32 7 3000888033
32 3 3000855735
32 6 3000827996
32 16 3000827993
32 3 3000786583
32 27 3000568594
32 2 2996141715
32 1 2996111098
32 2 2996092160
32 1 2996066978
32 4 2995659023
32 10 2987843442
32 1783 2899906926
32 5 2656372166
32 104 1844829702
32 16 1844783064
32 11 1844782818
32 15 1844782684
32 8 1844782525
32 10 1844782339
32 24 1844782140
32 12 1844781948
32 21 1844781727
32 10 1844781561
32 8 1844781270
32 17 1844781087
32 2 1836741982
32 1 1834875718
32 1 1834846808
32 1 1834808719
32 5 1834792298
32 255 1834781566
32 185 1833451344
32 6 1605649282
32 1 1605633854
32 1 1589495904
32 2 1566047427
32 3 1566011158
32 1 1565960379
32 23 1565928404
32 11 1542837903
32 2 1536583127
32 11 1507357640
32 4 1471123490
32 4 1440673098
32 4 1381903501
32 5 1334615831
32 2 1332043603
32 8 1307777970
32 9 1307777703
32 6 1307776705
32 3 1294902576
32 1 1055919447
32 12 1040463771
32 6 916811754
32 1 787538959
32 9 678496564
32 2 411557207
32 4 411522466
32 8 301747221
32 23 92696214
25 2629 3569893872
24 2657 3569893874
24 2 787538123
16 1 3641737724
16 4 3569934028
16 17 3569893828
16 4 3533301914
16 162 3283233010
16 768 3232268575
16 784 3232242121
16 1351 3232242084
16 605 3232242000
16 693 3232240108
16 48 3232238622
16 573 3232235987
16 1 3161833809
16 6 3154287127
16 2 3136331163
16 2 3014354706
16 2 3001022889
16 1 3001004372
16 1 3000966493
16 1 3000908919
16 3 3000889032
16 1 3000846352
16 2 3000800471
16 15 3000261793
16 5 2996143327
16 3 2996111572
16 2 2996066283
16 6 2991525623
16 5 2991522851
16 108 2899906917
16 1 2192898000
16 5 1844783019
16 22 1844782917
16 10 1844782722
16 7 1844782494
16 19 1844782298
16 21 1844782135
16 11 1844781984
16 12 1844781687
16 17 1844781560
16 15 1844781323
16 23 1844781238
16 21 1844781156
16 55 1836743490
16 21 1836731521
16 2 1836662678
16 7 1834861348
16 1 1834851009
16 6 1834807336
16 3 1834791526
16 3 1834775528
16 1 1834758526
16 1 1605662094
16 4 1605641806
16 1 1589501411
16 3 1589487812
16 1 1566882579
16 6 1566017795
16 1 1565980295
16 2 1565959082
16 2 1565935589
16 1 1559531850
16 3 1538879739
16 2 1536451077
16 3 1507352853
16 33 1467268934
16 4 1418345785
16 17 1336894930
16 1 1332071363
16 5 1332030663
16 12 1307778030
16 2 1307777535
16 8 1307777160
16 2 1294924883
16 9 1294897041
16 2 1040464325
16 19 1018491231
16 2 623069011
16 1 411545207
16 1 411519239
16 1 95168043
16 54 92696317
8 365 3569937542
8 157 3569914877
8 17 3569893756
8 20 3421688426
8 1773 3232243227
8 1845 3232238099
8 1 3170868891
8 1 3170247129
8 168 3160225864
8 1 3154274817
8 646 3007103796
8 1 3001024466
8 2 3000990948
8 1 3000926529
8 9 3000891514
8 9 3000877213
8 4 3000795102
8 2 3000781538
8 2 2996154390
8 133 2996121958
8 1 2996106465
8 1 2996056660
8 17 2991529991
8 12 2987466129
8 169 2915190204
8 46 2074416846
8 11 1844827913
8 9 1844782839
8 12 1844782648
8 4 1844782471
8 30 1844782185
8 15 1844782051
8 19 1844781850
8 21 1844781735
8 11 1844781563
8 19 1844781179
8 28 1842294296
8 26 1836743463
8 1 1836742465
8 1 1836657804
8 2 1834847298
8 9 1834828209
8 2 1834785518
8 35 1796557417
8 35 1632459570
8 1 1605633818
8 2 1589503696
8 3 1583625002
8 2 1566014289
8 125 1566001162
8 2 1565950609
8 1 1559534947
8 258 1541276697
8 14 1538876382
8 2 1507392726
8 7 1507357931
8 1 1500444290
8 24 1467268988
8 39 1467268406
8 35 1467268371
8 10 1467261694
8 15 1383456083
8 10 1383451718
8 1 1332062231
8 2 1332036495
8 72 1332022550
8 29 1307777957
8 5 1307777542
8 7 1307777470
8 12 1307777211
8 16 1298731599
8 1 1294912623
8 278 1249742781
8 12 1040464196
8 5 1040463629
8 2 635195109
8 4 411533619
8 17 92696525
2 37 1294893878
1 2 3586583768
1 4 3378221339
1 1 3105587334
1 2 3000997071
1 1 3000979160
1 1 3000849850
1 2 3000802633
1 1 3000796042
1 1 2996153057
1 2 2996062241
1 32 1844782180
1 19 1844781077
1 4 1836671495
1 6 1605661512
1 1 1500446309
1 1 1294907305
1 4 1294900839
1 4 921151700
1 5 912097235
24268
