1917952 1927165 3232235891
32929 1783 2899906926
32832 2732 3569893875
32768 526 3642235009
32768 91 3475901759
32768 1351 3232242084
32768 5006 3232242037
32768 1317 3232239136
32768 3170 3232238871
32768 2638 3232238097
32768 3 3207027492
32768 66 3162013546
32768 25 3002979524
32768 15 3000801883
32768 38 1844829213
32768 4 1836649426
32768 1 1792508250
32768 4 1543000404
32768 38 1467268931
32768 4 1351500325
32768 11 1294917225
32768 3 520965204
4608 4308 3232239137
3457 1736 3232242128
2688 5528 3232235826
2560 589 3232238582
2192 605 3232242000
2180 5380 3232241675
2176 1609 3232242108
2048 1 3643076717
2048 11 2987466020
2048 21 1953820402
2048 3 1533143477
2048 4 1357822457
2048 214 921095146
736 3736 3232240094
705 2065 3232242070
528 3816 3232241934
512 8 3586584644
512 1 3271019761
512 1946 3232242101
512 140 3232238870
512 14 3105796436
512 40 3000799532
512 2 2959878464
512 152 2899906913
512 11 1844782845
512 107 1844782169
512 30 1844781332
512 61 1844779080
512 3 1834778994
512 3 1566042873
512 2 1541057966
512 947 1507337618
512 3 1361938314
512 53 1137335902
512 71 678625580
512 544 520963843
512 20 18871395
289 1587 3232238359
246 2611 3569893879
245 6971 3232238882
213 2730 3569893873
209 950 3232242091
202 3158 3232241956
192 594 910484341
176 3825 1507377792
160 2477 3232242122
137 1115 3232238864
128 46 3644966845
128 353 3627734030
128 2 3569917469
128 12 3394251818
128 6 3240032533
128 7976 3232238883
128 8 3160243218
128 1 3154289980
128 4 3107109146
128 3 3002968062
128 4 3000979598
128 8 3000928828
128 6 3000888847
128 3 3000836745
128 1 3000796277
128 4 2996155469
128 6 2996105531
128 2 2996084583
128 2 2996046402
128 2 2991522927
128 6 2472277000
128 2 1844816372
128 34 1844782830
128 18 1844782666
128 6 1844782461
128 16 1844782188
128 36 1844782091
128 13 1844781762
128 12 1844781615
128 20 1844781205
128 13 1844781059
128 4 1836656186
128 2 1834852023
128 11 1834794357
128 1 1834751219
128 309 1822538884
128 2 1599446942
128 2 1589491278
128 1 1566037432
128 307 1565983857
128 2 1565934728
128 2 1536456206
128 4 1507340577
128 22 1467268939
128 78 1441326818
128 15 1383456123
128 4 1341938870
128 2 1332036346
128 2 1310624312
128 102 1249745480
128 4 1040464240
128 3 774377681
128 2 411561234
128 1 411536124
128 6 411511430
128 25 92696068
117 2581 3569893877
113 2629 3569893872
97 6974 3232235976
69 2750 3569893878
65 3599 3642233866
65 1773 3232243227
64 2 3586584884
64 38 3569893774
64 3 3271023802
64 1371 3232242113
64 693 3232240108
64 2 3170248122
64 1 3154291743
64 1 3154257357
64 2 3002982338
64 7 3001003942
64 5 3000960149
64 1 3000908142
64 2 3000859170
64 3 3000828103
64 2 3000567946
64 1 2996158645
64 1 2996119563
64 1 2996093724
64 2 2996049320
64 2 2981030365
64 2 2566780369
64 2 1844791875
64 19 1844782941
64 7 1844782744
64 4 1844782542
64 16 1844782261
64 24 1844782140
64 5 1844781821
64 12 1844781529
64 10 1844781400
64 1325 1844776490
64 1 1836740471
64 10 1834904471
64 2 1834836729
64 23 1834788007
64 1 1834759275
64 6 1605662835
64 1 1599452206
64 7 1589496106
64 11 1583625190
64 2 1566021773
64 1 1565955874
64 2 1559534587
64 3 1538880784
64 2 1507365041
64 63 1475202806
64 31 1467268404
64 15 1410736747
64 20 1383449474
64 4 1332079012
64 8 1317413245
64 7 1294910648
64 91 1123631687
64 8 1040464162
64 9 678496564
64 2 411557207
64 3 411517626
64 3 97445911
50 2512 3569893876
48 215 3644965937
48 768 3232268575
48 2 3001018881
37 5986 3232242041
33 2657 3569893874
33 164 3003028522
33 4 2996099628
32 75 3627734058
32 18 3569901244
32 12 3568471402
32 4 3288263874
32 1366 3232268561
32 566 3232242090
32 2 3170871307
32 1 3154306865
32 1 3112163941
32 3 3000943717
32 5 3000887996
32 90 3000844894
32 5 3000829572
32 2 3000763894
32 1 2996145704
32 1 2996053809
32 4 2986933950
32 34 2013685423
32 19 1844782999
32 17 1844782673
32 8 1844782527
32 12 1844782215
32 12 1844781965
32 20 1844781716
32 10 1844781527
32 13 1844781247
32 20 1844781071
32 1 1836739744
32 2 1834861418
32 2 1834816139
32 3 1834797492
32 3 1834768913
32 1 1605656099
32 1 1589506090
32 2 1589489919
32 2 1566037959
32 1 1565960379
32 23 1565928404
32 3 1538879739
32 38 1507357447
32 30 1467268972
32 10 1389778958
32 15 1383449774
32 5 1332052169
32 8 1307777970
32 3 1307777438
32 5 1307777072
32 3 1294910119
32 3 1040464288
32 6 916811754
32 2 787538337
32 2 411559300
32 4 411520074
32 12 97447375
20 20 3421688426
17 365 3569937542
17 105 1836743261
16 2 3569917503
16 18 3569893762
16 784 3232242121
16 2333 3232235989
16 1 3154308329
16 2 3154279034
16 2 3105249886
16 1462 3000984903
16 2 3000959334
16 9 3000909013
16 6 3000880876
16 2 3000838481
16 2 3000827972
16 2 2996171380
16 13 2996124954
16 6 2996111067
16 1 2996064086
16 3 2991522856
16 1 2565921638
16 23 1844783059
16 9 1844782791
16 16 1844782493
16 19 1844782298
16 9 1844782072
16 19 1844781850
16 40 1844781581
16 13 1844781195
16 16 1844781086
16 3 1834906481
16 8 1834860406
16 1 1834807506
16 70 1834779214
16 1 1834768015
16 2 1603995266
16 2 1589503696
16 2 1589480101
16 354 1566013665
16 3 1565970900
16 2 1565945763
16 13 1539233816
16 6 1536586237
16 2 1507333489
16 89 1467268409
16 56 1467268364
16 2 1389427963
16 20 1383454438
16 1 1332071363
16 4 1332024093
16 6 1307777768
16 18 1307777156
16 10 1307776641
16 4 1292079141
16 3 1040464360
16 91 872751345
16 219 411560911
16 18 411528553
16 7 97445931
5 834 3232242125
5 28 1842294296
5 6 1307777798
5 12 1307777211
5 49 1249427194
4 15 3569909012
4 17 3569893756
4 4 3167895452
4 1 3154287137
4 120 3002765305
4 2 3000973856
4 6 3000911778
4 9 3000891514
4 2 3000846107
4 16 3000827993
4 1 3000825583
4 12 3000781953
4 1 2996145646
4 10 2996127759
4 4 2996066507
4 20 2991529028
4 4 2987841795
4 2 2957232284
4 60 2000044005
4 1 1844800653
4 17 1844782655
4 12 1844782472
4 10 1844782153
4 3 1844781852
4 109 1844781793
4 13 1844781384
4 19 1844781255
4 33 1836743224
4 1 1836657804
4 2 1834847298
4 1 1834825746
4 2 1834785368
4 1 1834761422
4 10 1666996474
4 3 1605634095
4 2 1589490720
4 2 1566038034
4 4 1566014336
4 125 1566001162
4 3 1565952876
4 4 1565927373
4 1 1536587001
4 42 1514769228
4 1 1507368576
4 3 1507332277
4 4 1470757965
4 53 1467268408
4 53 1467268383
4 1 1389427394
4 21 1383456077
4 1 1332066509
4 55 1332046702
4 1 1332024700
4 4 1307777907
4 5 1307776595
4 13 1040463628
4 6 678526000
4 7 633991737
4 2 411513368
2 37 1294893878
1 288 3642233918
1 2 3586583768
1 4 3378221339
1 209 3283233138
1 8 3251313662
1 1 3240247306
1 487 3232242124
1 4526 3232242109
1 141 3232239372
1 1845 3232238099
1 2 3170870190
1 1 3154301745
1 1 3105587334
1 646 3007103796
1 1 3001024466
1 37 3001009628
1 2 3000997071
1 1 3000979160
1 1 3000949984
1 1 3000926262
1 1 3000886387
1 1 3000868232
1 1 3000867502
1 1 3000849850
1 1 3000806970
1 2 3000802633
1 1 3000800855
1 1 3000796042
1 1 2996153057
1 1 2996117974
1 2 2996113867
1 3 2996111572
1 2 2996107284
1 2 2996062241
1 1 2996056660
1 1 2991537021
1 5 2991522569
1 1 2987842178
1 169 2915190204
1 20 1844829909
1 1 1844812218
1 12 1844782648
1 19 1844782389
1 30 1844782185
1 32 1844782180
1 22 1844781333
1 19 1844781077
1 26 1836743463
1 52 1836743431
1 4 1836671495
1 2 1834935286
1 1 1834828936
1 1 1834786478
1 3 1834770745
1 35 1632459570
1 6 1605661512
1 2 1605658537
1 6 1589509981
1 3 1583625002
1 2 1565980218
1 1 1565966683
1 2 1565956694
1 1 1559532071
1 1 1559528953
1 10 1539233815
1 3 1507367187
1 1 1500446309
1 1 1500444290
1 21 1467268989
1 24 1467268988
1 32 1467268398
1 2 1347070434
1 18 1334615852
1 2 1307973960
1 5 1307777542
1 7 1307777470
1 3 1307777436
1 7 1307777241
1 1 1294912623
1 1 1294907305
1 4 1294900839
1 12 1040464196
1 5 1040463736
1 5 1040463629
1 4 921151700
1 5 912097235
1 1 787178092
1 3266 520967176
1 17 92696525
19476
