1927168 1927165 3232235891
20480 7066 3642233869
16384 7976 3232238883
12320 3158 3232241956
12288 1827 3232242072
12288 5006 3232242037
12288 1587 3232238359
9216 3736 3232240094
8704 2629 3569893872
8192 4 3735040537
8192 6 3641738589
8192 11 3569909013
8192 2732 3569893875
8192 2730 3569893873
8192 494 3232242245
8192 4526 3232242109
8192 2321 3232242087
8192 206 3232242075
8192 920 3232240111
8192 1747 3232239133
8192 4649 3232238865
8192 1951 3232238616
8192 655 3232238355
8192 185 3232238120
8192 6974 3232235976
8192 2 3208426719
8192 4 3207010430
8192 17 3170874674
8192 8 3160243691
8192 3 3111562035
8192 1 3037634452
8192 1462 3000984903
8192 8 3000955990
8192 2 3000919610
8192 4 2999609889
8192 1 2996138925
8192 5 2987463318
8192 18 2025606381
8192 17 1912884860
8192 474 1844814107
8192 18 1844782859
8192 20 1844781804
8192 29 1844781406
8192 12 1836049858
8192 23 1834843714
8192 12 1834809524
8192 104 1834750661
8192 28 1745879561
8192 4 1605635425
8192 114 1583627403
8192 2 1565954159
8192 66 1507342525
8192 2 1507332696
8192 49 1467268377
8192 221 1410741594
8192 3 1383452684
8192 2 1332077179
8192 7 1307777661
8192 12 1040463827
8192 13 912077527
8192 2132 874062042
8192 6 782140722
8192 3266 520967176
8192 63 411515354
6144 2477 3232242122
4096 2907 3642233881
4096 40 3561296129
4096 1609 3232242108
4096 5986 3232242041
4096 5380 3232241675
4096 4308 3232239137
4096 6971 3232238882
4096 3170 3232238871
4096 1252 3232238869
4096 1217 3232238362
4096 15 3176822826
4096 24 3170889526
4096 25 3170875210
4096 40 3170863384
4096 10 3154301597
4096 20 3152877836
4096 119 3002983798
4096 59 3002981667
4096 25 3002976006
4096 40 3000697430
4096 4 2996055557
4096 1325 1844776490
4096 30 1836659053
4096 27 1824877614
4096 2 1570234297
4096 49 1494697575
4096 3 1490509191
4096 39 1360149867
4096 35 1336891715
4096 75 1298740073
4096 907 873147481
4096 19 786411298
4096 53 520968994
4096 20 95167513
3072 605 3232242000
2560 1736 3232242128
2560 3816 3232241934
2048 3599 3642233866
2048 784 3232242121
2048 28 2883164096
2048 66 1752161036
2048 58 1507341739
2048 31 1475202349
2048 159 1040463674
2048 4 633987332
2048 4 411554990
2048 8 296206754
1024 1845 3232238099
1024 78 3001930306
1024 8 2991529093
1024 23 2192893130
1024 40 1844781291
1024 4 1834909641
1024 1 1572362381
1024 47 1336897017
1024 14 787178882
512 2512 3569893876
512 950 3232242091
512 2 3170890690
512 164 3003028522
512 2 3000855730
512 2 3000846482
512 2 3000793805
512 2 2959596151
512 4 1844805188
512 21 1844782226
512 18 1844782095
512 27 1844781098
512 9 1834849412
512 6 1834807362
512 2 1566014307
512 6 1536586237
512 3825 1507377792
512 85 1383451170
512 2 1336897145
512 4 1292568594
512 11 1040464199
512 29 676192960
512 2 411547626
32 2611 3569893879
32 1 3170868891
32 1 3000868232
32 2 2996107284
32 46 2074416846
32 89 1467268409
32 39 1467268406
32 53 1467268383
32 10 1467261694
32 3 1334615855
32 18 1334615852
32 2 1332042616
32 1 1332040877
32 12 1307777211
13012
