1916928 1927165 3232235891
49152 5986 3232242041
32848 2611 3569893879
32768 16 3276697584
32768 2501 3232239128
32768 1217 3232238362
32768 12 3170893239
32768 9 3000941184
32768 2 2996075528
32768 4 2025611233
32768 18 1844781591
32768 2 1834809603
32768 220 1562876179
32768 2 1389419700
32768 121 1249742780
32768 41 92696418
16480 6971 3232238882
16384 300 3561296599
16384 1371 3232242113
16384 1587 3232238359
16384 40 3170892093
16384 20 3170861812
16384 25 3002982470
16384 160 1836664514
16384 3 1531102483
16384 45 1336900412
16384 51 621983747
8192 4308 3232239137
4176 3816 3232241934
4097 3599 3642233866
4096 79 3283231066
4096 1609 3232242108
4096 589 3232238582
4096 1 3154286309
4096 67 2991525894
4096 21 1844782603
4096 1 1834872616
4096 1 1523460185
4096 22 1424544280
4096 2 787537965
176 1736 3232242128
97 2629 3569893872
80 2581 3569893877
65 6974 3232235976
64 4 3642286563
64 2 3586572911
64 2657 3569893874
64 13 3355780099
64 950 3232242091
64 1230 3232239134
64 730 3232238349
64 168 3160225864
64 1 3011975832
64 2 3000984802
64 6 3000905448
64 2 3000844162
64 1 3000795113
64 1 2996145704
64 1 2996083182
64 6 2991526009
64 150 2899906915
64 2 1844787493
64 17 1844782866
64 13 1844782397
64 36 1844782025
64 23 1844781653
64 22 1844781333
64 1 1836734972
64 9 1834852167
64 2 1834791653
64 1 1834746598
64 3 1589505716
64 3 1572489938
64 84 1565988730
64 2 1547495843
64 21 1538876238
64 32 1467268985
64 257 1410740530
64 12 1357894564
64 4 1310636469
64 7 1307777263
64 135 1249745386
64 5 1040463835
64 19 786411298
64 2 411557207
64 9 301747232
48 2512 3569893876
48 2 1589488574
33 2730 3569893873
33 4 3378221339
33 3158 3232241956
32 1 3569898442
32 768 3232268575
32 487 3232242124
32 1351 3232242084
32 573 3232235987
32 3 3154270542
32 1 3017803383
32 42 3000995503
32 3 3000926640
32 3 3000887949
32 6 3000831209
32 7 2996152161
32 13 2996124954
32 69 2991525482
32 122 2899906882
32 8 1844783034
32 19 1844782787
32 15 1844782337
32 13 1844781975
32 30 1844781504
32 6 1844781203
32 52 1836743431
32 4 1836669032
32 2 1834846266
32 3 1834798530
32 3 1833450918
32 4 1605641806
32 3 1566025312
32 6 1565954557
32 2 1565931491
32 2 1536153754
32 2 1507337194
32 37 1467268358
32 17 1336894930
32 1 1332055054
32 6 1307777768
32 5 1307776537
32 2 1040464325
32 1 788381088
32 681 520967204
32 2 411515596
32 3 49435281
16 5 3586579304
16 1 3569901231
16 27 3569893841
16 33 3492542516
16 784 3232242121
16 605 3232242000
16 1115 3232238864
16 1 3170247129
16 1 3154287137
16 29 3001011821
16 1 3000952794
16 1 3000912618
16 16 3000827993
16 1 3000797941
16 6 2996138050
16 3 2996111572
16 1 2991536705
16 37 2959767617
16 28 1844828834
16 22 1844782681
16 6 1844782384
16 3 1844781852
16 20 1844781649
16 19 1844781255
16 26 1836743463
16 2 1834856898
16 8 1834775379
16 2 1605658537
16 2 1566038034
16 2 1565950609
16 2 1539021411
16 2 1507392726
16 1 1500444290
16 89 1467268409
16 35 1467268371
16 1 1389427394
16 1 1336886034
16 4 1332024093
16 5 1307777542
16 15 1307777088
16 2 1294919201
16 5 1040464294
16 3 787543676
16 4 411533619
2 37 1294893878
1 2 3586583768
1 1 3105587334
1 2 3000997071
1 1 3000979160
1 1 3000849850
1 2 3000802633
1 1 3000796042
1 1 2996153057
1 2 2996062241
1 32 1844782180
1 19 1844781077
1 4 1836671495
1 6 1605661512
1 1 1500446309
1 1 1294907305
1 4 1294900839
1 4 921151700
1 5 912097235
13076
