1919232 1927165 3232235891
17882 3816 3232241934
16753 5986 3232242041
16488 2209 1842241570
16481 834 3232242125
16473 2629 3569893872
16448 5528 3232235826
16443 2750 3569893878
16416 1946 3232242101
16384 45 3651788170
16384 44 3642233168
16384 21 3258365770
16384 1827 3232242072
16384 1291 3232239823
16384 2120 3232239122
16384 1252 3232238869
16384 2450 3232238360
16384 5535 3232238352
16384 30 3232235997
16384 4 3207025017
16384 60 3162013563
16384 61 3107746600
16384 105 3002978271
16384 7 3000921963
16384 190 3000820412
16384 2 2996151997
16384 122 2899906882
16384 1 2042076522
16384 4 2025605194
16384 35 1844782582
16384 7 1834851911
16384 3 1792744702
16384 1 1605636630
16384 16 1565969179
16384 52 1540308540
16384 11 1507335820
16384 4 1403250236
16384 44 1336897492
16384 26 1310006779
16384 6 1294917496
16384 9 1040463785
16384 6 623068921
16384 6 411556715
4352 4308 3232239137
2245 1736 3232242128
1385 2065 3232242070
1296 2477 3232242122
1073 6974 3232235976
1066 5380 3232241675
1049 4526 3232242109
1040 7066 3642233869
1024 88 3569894572
1024 392 3232241962
1024 599 3232239117
1024 547 3232238361
1024 28 3113535639
1024 141 2991536959
1024 108 2899906917
1024 48 1844827681
1024 4 1834641258
1024 20 1565932011
1024 30 1507370675
1024 25 1373873635
1024 70 1249740127
1024 76 773773119
1024 28 296567390
839 6971 3232238882
688 3736 3232240094
353 1783 2899906926
321 3599 3642233866
320 1609 3232242108
320 196 411555630
288 135 1249745386
280 1366 3232268561
273 1587 3232238359
272 13 1539233816
264 2333 3232235989
256 26 3642233098
256 1 3569930595
256 123 3475901889
256 1152 3232242251
256 144 3232241954
256 708 3232240125
256 589 3232238582
256 5 3218167030
256 135 3108714586
256 730 3007103750
256 9 3000901899
256 8 2996164352
256 120 2991529229
256 14 2974831827
256 19 2192893482
256 8 1844783089
256 16 1844782811
256 16 1844782511
256 23 1844782113
256 29 1844781861
256 10 1844781535
256 21 1844781134
256 5 1836671295
256 2 1836650921
256 1 1817749744
256 4 1601499023
256 4 1572490483
256 2 1565974602
256 8 1536443718
256 25 1493253047
256 1 1408807137
256 4 1332042877
256 3 1310224226
256 15 916009759
256 2 873978049
256 17 623067876
256 20 18871395
173 2730 3569893873
157 1115 3232238864
156 2512 3569893876
153 950 3232242091
134 2611 3569893879
112 20 1844781716
98 3825 1507377792
97 3266 520967176
96 2907 3642233881
96 5 3000781961
96 309 1822538884
96 594 910484341
80 3158 3232241956
76 89 1467268409
72 139 3106252873
69 2581 3569893877
66 1371 3232242113
66 11 1844781377
65 1773 3232243227
65 141 3232239372
65 646 3007103796
65 32 1467268398
64 211 3627734754
64 34 3627733448
64 6 3569932931
64 25 3569903869
64 25 3569893764
64 4 3560516592
64 6 3283236354
64 54 3271020721
64 581 3232242116
64 1351 3232242084
64 2299 3232242045
64 134 3232241966
64 920 3232240111
64 12 3170892794
64 1 3170252707
64 2 3154306803
64 2 3154299244
64 4 3154270008
64 4 3110130190
64 3 3002764797
64 7 3001003942
64 4 3000984693
64 2 3000946567
64 8 3000917545
64 1 3000899019
64 2 3000886378
64 1 3000853502
64 5 3000829488
64 1 3000807471
64 3 3000260815
64 3 2996169755
64 2 2996143335
64 3 2996115226
64 2 2996098501
64 2 2996081020
64 1 2996060882
64 56 2996045677
64 1 2991528998
64 19 2987842658
64 5 2959632436
64 5 2656372166
64 5 2194873061
64 2 1844828397
64 62 1844809630
64 19 1844782927
64 19 1844782787
64 25 1844782733
64 12 1844782600
64 8 1844782478
64 14 1844782333
64 15 1844782221
64 19 1844782111
64 20 1844782088
64 12 1844781948
64 12 1844781807
64 17 1844781630
64 14 1844781539
64 12 1844781214
64 29 1844781107
64 3 1836672030
64 16 1836051818
64 4 1834861349
64 2 1834848240
64 1 1834806764
64 2 1834788941
64 2 1834775698
64 3 1833449693
64 2 1605660514
64 2 1605643032
64 13 1599446919
64 1 1589501401
64 3 1589491071
64 2 1572363188
64 4 1566029693
64 4 1566014437
64 85 1565994621
64 1 1565955896
64 4 1565920580
64 134 1542096053
64 2 1536456206
64 4 1527834994
64 4 1507361744
64 4 1505100651
64 4 1472006519
64 78 1441326818
64 3 1410742894
64 15 1383456117
64 36 1383452050
64 4 1339217873
64 1 1332072391
64 2 1332037975
64 3 1310632976
64 6 1307777225
64 2 1294897961
64 278 1249742781
64 15 1040464370
64 7 1040464213
64 40 1035255630
64 56 787541022
64 4 772079770
64 2 411559265
64 4 411541352
64 2 411524933
64 3 411502127
64 68 97446935
64 2 92694746
57 2657 3569893874
56 2732 3569893875
48 768 3232268575
48 11 1298739745
42 784 3232242121
40 693 3232240108
34 20 3421688426
33 365 3569937542
33 37 3001009628
32 968 3642233105
32 3 3586587236
32 4 3569907938
32 54 3569893840
32 14 3569893770
32 2 3236292889
32 573 3232235987
32 2 3170868854
32 5 3161842372
32 8 3154308621
32 9 3154282937
32 2 3154271227
32 366 3111561474
32 5 3106037272
32 2 3003026558
32 2 3000984124
32 4 3000960838
32 6 3000947094
32 6 3000905448
32 111 3000888976
32 2 3000885983
32 2 3000839303
32 4 3000831027
32 2 3000763717
32 2 2996170493
32 1 2996149313
32 2 2996128458
32 2 2996109295
32 6 2996098691
32 1 2996084290
32 1 2996066978
32 2 2991535297
32 6 2991529099
32 2 2981030365
32 2 2959596567
32 4 2441360598
32 1 1844826407
32 1 1844801234
32 19 1844782982
32 15 1844782926
32 16 1844782796
32 5 1844782642
32 27 1844782588
32 14 1844782433
32 12 1844782346
32 18 1844782251
32 10 1844782109
32 9 1844781974
32 7 1844781895
32 16 1844781605
32 29 1844781455
32 10 1844781400
32 19 1844781162
32 16 1844781086
32 2 1836734293
32 3 1836661545
32 4 1834870543
32 2 1834859082
32 8 1834821761
32 17 1834809581
32 5 1834792298
32 2 1834782754
32 1 1834758031
32 1 1605660169
32 2 1605648265
32 4 1604862034
32 1 1599445121
32 2 1589496501
32 3 1589490442
32 4 1575092018
32 2 1566034293
32 5 1566018217
32 2 1565982072
32 2 1565951986
32 6 1565918246
32 1 1559529168
32 3 1541673286
32 2 1536451806
32 104 1507357991
32 220 1507332640
32 1 1469409172
32 37 1467268410
32 54 1467268381
32 53 1467268361
32 8 1410742381
32 38 1389428373
32 9 1383453422
32 4 1347069591
32 8 1334615816
32 58 1332046410
32 8 1317413245
32 6 1307777897
32 4 1294897507
32 22 1055919426
32 12 1040464314
32 5 1040463835
32 2 787544760
32 2 774375908
32 2 411559300
32 2 411541397
32 2 411521375
32 8 301747221
32 13 97445979
32 1165 85376864
24 441 1249740221
18 2 2957232284
16 429 3627734766
16 6 3586578497
16 15 3569909012
16 6 3569895434
16 20 3569893765
16 4 3533301914
16 34 3338616946
16 86 3253483768
16 1531 3232242039
16 1230 3232239134
16 98 3224126468
16 5 3170873998
16 2 3161842845
16 1 3154304887
16 3 3154270542
16 2 3136331163
16 58 3105824790
16 2 3002982338
16 2 3001019110
16 2 3000984802
16 1 3000959857
16 1 3000927384
16 1 3000905029
16 2 3000893707
16 2 3000883820
16 6 3000847099
16 2 3000843263
16 6 3000827996
16 1 3000789522
16 2 3000777866
16 2 2996174445
16 2 2996156421
16 4 2996135185
16 6 2996106354
16 2 2996083575
16 1 2996044539
16 6 2991525623
16 4 2987648822
16 150 2899906915
16 15 2654645552
16 38 1928283751
16 4 1844805188
16 14 1844783033
16 4 1844782857
16 11 1844782740
16 20 1844782664
16 8 1844782525
16 22 1844782334
16 15 1844782312
16 21 1844782141
16 12 1844781965
16 18 1844781924
16 23 1844781632
16 19 1844781564
16 11 1844781398
16 15 1844781256
16 10 1844781141
16 1325 1844776490
16 41 1836743455
16 2 1836739655
16 1 1836654968
16 45 1836051414
16 4 1834856614
16 1 1834844639
16 6 1834807336
16 7 1834794486
16 60 1834783990
16 5 1834774608
16 1 1834749084
16 28 1745879561
16 4 1605651056
16 1 1592095200
16 5 1589495909
16 13 1589485763
16 28 1583627397
16 4 1566044243
16 3 1566011158
16 307 1565983857
16 1 1565960379
16 2 1565935589
16 4 1565747658
16 1 1536586013
16 2 1536448554
16 2 1507368100
16 38 1507357447
16 227 1475202809
16 28 1467268388
16 56 1467268363
16 257 1410740530
16 40 1383455923
16 26 1362722800
16 2 1336897145
16 3 1332064795
16 1 1332040207
16 27 1323105832
16 6 1307777911
16 6 1307777521
16 5 1307777253
16 5 1307777072
16 1 1294905600
16 2 1040464325
16 6 1040463688
16 6 916811754
16 126 874825883
16 19 786411298
16 13 635192066
16 1 411561354
16 84 411545387
16 1 411519239
16 4 411504451
16 2 97445905
16 54 92696317
16 1 28275733
14 16 3000827993
10 7 3001930457
10 18 411528553
9 19 1844782389
9 26 1836743463
8 102 3735032771
8 960 3642233861
8 1 3582555579
8 4 3569934028
8 18 3569901244
8 39 3569893772
8 3 3560849349
8 10 3288102650
8 6 3240032533
8 605 3232242000
8 2 3170872528
8 17 3170248414
8 10 3160243581
8 1 3154288056
8 1 3154274817
8 1 3017803383
8 4 3001016418
8 1 3001004372
8 1 3000989821
8 4 3000962944
8 3 3000948615
8 250 3000921771
8 1 3000908422
8 3 3000887949
8 1 3000866183
8 1 3000844924
8 2 3000827972
8 3 3000794374
8 2 3000781538
8 1 2996155260
8 11 2996138351
8 1 2996124683
8 3 2996114118
8 1 2996092390
8 2 2996075208
8 1 2991536346
8 3 2991522856
8 2 2959768043
8 8 2838971388
8 11 2472223779
8 1 1844813112
8 8 1844783034
8 21 1844783009
8 23 1844782778
8 9 1844782623
8 64 1844782558
8 18 1844782203
8 15 1844782130
8 13 1844781975
8 19 1844781850
8 8 1844781646
8 40 1844781581
8 15 1844781493
8 15 1844781323
8 6 1844781203
8 21 1844781156
8 2 1836733624
8 2 1836671039
8 1 1836653546
8 8 1834860406
8 2 1834857587
8 2 1834832587
8 1 1834807506
8 4 1834785364
8 3 1834775528
8 1 1834764518
8 18 1825778249
8 1 1605660862
8 2 1599453585
8 1 1589504184
8 1 1589494834
8 2 1589480101
8 15 1566039053
8 6 1566017795
8 2 1566014289
8 1 1565980295
8 2 1565952806
8 1 1565945326
8 2 1565931491
8 8 1559534149
8 16 1539233818
8 3 1538880872
8 3 1536583968
8 1 1507384595
8 48 1507368648
8 1 1507333663
8 32 1467268985
8 33 1467268934
8 32 1467268395
8 56 1467268364
8 43 1410744218
8 2 1389427963
8 20 1383454438
8 1 1360149572
8 1 1336888083
8 1 1332056850
8 4 1332024093
8 1 1310627919
8 10 1307777892
8 11 1307777654
8 6 1307777426
8 15 1307777088
8 6 1307776705
8 2 1294925161
8 1 1294909280
8 1 1294893063
8 5 1040464298
8 214 921095146
8 2 787538123
8 2 772897259
8 1 411556492
8 1 411545207
8 2 411503931
8 7 97445931
4 21 1383456077
4 37 1294893878
3 19 1844781077
3 28 1842294296
3 6 1307777798
3 12 1307777211
3 49 1249427194
2 6 3569931962
2 11 3569896918
2 26 3569893829
2 17 3569893756
2 427 3232242034
2 3170 3232238871
2 2 3170867368
2 4 3167895452
2 35 3162009858
2 4 3154289398
2 8 3154273072
2 22 3154254059
2 2 3000973856
2 1 3000947576
2 1 3000926529
2 1 3000892003
2 9 3000891514
2 9 3000877213
2 2 3000846482
2 1 3000825583
2 16 3000786506
2 12 3000781953
2 5 3000568074
2 1 2996160620
2 2 2996134380
2 11 2996131891
2 133 2996121958
2 5 2996071304
2 1 2991536705
2 17 2991529991
2 20 2991529028
2 2 2991522656
2 12 2987466129
2 10 2344739444
2 60 2000044005
2 28 1844828834
2 1 1844800653
2 32 1844782981
2 8 1844782774
2 27 1844782633
2 12 1844782472
2 8 1844782413
2 107 1844782169
2 20 1844782096
2 8 1844781886
2 13 1844781849
2 14 1844781835
2 21 1844781735
2 22 1844781722
2 19 1844781255
2 4 1842243330
2 33 1836743224
2 1 1836742465
2 4 1836737192
2 7 1834861348
2 2 1834847298
2 2 1834834420
2 9 1834828209
2 2 1834816328
2 2 1834785518
2 1 1834777881
2 1 1834761904
2 35 1796557417
2 10 1666996474
2 3 1605659967
2 3 1605635279
2 4 1599448858
2 2 1589490720
2 2 1589488574
2 1 1572361797
2 2 1566038034
2 2 1566025442
2 4 1566013501
2 206 1566001390
2 2 1565998400
2 1 1565963737
2 1 1565950606
2 4 1565927373
2 5 1546320114
2 2 1539021411
2 2 1536577445
2 4 1526846242
2 1 1507372337
2 2 1507353732
2 21 1507333637
2 2 1500441077
2 4 1470757965
2 53 1467268408
2 53 1467268383
2 49 1467268377
2 3 1440656409
2 1 1336886034
2 1 1332066509
2 2 1332061099
2 55 1332046702
2 1 1332040877
2 1 1332024700
2 3 1307777968
2 8 1307777939
2 8 1307777904
2 4 1307777574
2 7 1307777515
2 5 1307776595
2 5 1040464294
2 5 1040464167
2 21 974297166
2 3 774382931
2 1 635195304
2 7 633991737
2 1 411560351
2 10 301734920
1 288 3642233918
1 2 3586583768
1 4 3378221339
1 209 3283233138
1 8 3251313662
1 1 3240247306
1 487 3232242124
1 1845 3232238099
1 2 3170870190
1 1 3154301745
1 1 3105587334
1 164 3003028522
1 1 3001024466
1 2 3000997071
1 1 3000979160
1 1 3000949984
1 1 3000926262
1 1 3000886387
1 1 3000868232
1 1 3000867502
1 1 3000849850
1 1 3000806970
1 2 3000802633
1 1 3000800855
1 1 3000796042
1 1 2996153057
1 1 2996117974
1 2 2996113867
1 3 2996111572
1 2 2996107284
1 4 2996099628
1 2 2996062241
1 1 2996056660
1 1 2991537021
1 5 2991522569
1 1 2987842178
1 169 2915190204
1 20 1844829909
1 1 1844812218
1 12 1844782648
1 30 1844782185
1 32 1844782180
1 22 1844781333
1 52 1836743431
1 105 1836743261
1 4 1836671495
1 2 1834935286
1 1 1834828936
1 1 1834786478
1 3 1834770745
1 35 1632459570
1 6 1605661512
1 2 1605658537
1 6 1589509981
1 3 1583625002
1 2 1565980218
1 1 1565966683
1 2 1565956694
1 1 1559532071
1 1 1559528953
1 10 1539233815
1 3 1507367187
1 1 1500446309
1 1 1500444290
1 21 1467268989
1 24 1467268988
1 2 1347070434
1 18 1334615852
1 2 1307973960
1 5 1307777542
1 7 1307777470
1 3 1307777436
1 7 1307777241
1 1 1294912623
1 1 1294907305
1 4 1294900839
1 12 1040464196
1 5 1040463736
1 5 1040463629
1 4 921151700
1 5 912097235
1 1 787178092
1 17 92696525
36268
