1923072 1927165 3232235891
16641 32 1844782180
16480 2581 3569893877
16384 102 3735032771
16384 211 3627734754
16384 56 3283232132
16384 2477 3232242122
16384 917 3232242089
16384 564 3232242071
16384 1745 3232241976
16384 389 3232240112
16384 7976 3232238883
16384 3170 3232238871
16384 2450 3232238360
16384 2638 3232238097
16384 5528 3232235826
16384 4 3207027545
16384 25 3170870124
16384 730 3007103750
16384 7 3000951139
16384 79 3000829448
16384 2 2996106600
16384 11 2957233386
16384 2 2025608254
16384 87 1844782760
16384 70 1836743329
16384 2 1834825912
16384 16 1605651561
16384 3 1566030028
16384 67 1552521165
16384 4 1475201917
16384 38 1389428373
16384 1 1332083740
16384 3 1306191475
16384 5 1040463870
16384 288 711989826
16384 2 411540290
4864 4308 3232239137
4768 6971 3232238882
4384 4526 3232242109
4384 3825 1507377792
4352 2907 3642233881
4160 768 3232268575
4160 605 3232242000
4096 667 3627734734
4096 173 3232242127
4096 1492 3232242081
4096 2137 3232240101
4096 1747 3232239133
4096 5535 3232238352
4096 2 3216467168
4096 44 3170875389
4096 50 3170866884
4096 1023 3007103751
4096 58 3002981781
4096 15 3000843419
4096 92 2838942229
4096 12 1909640321
4096 7 1779082806
4096 45 1566042882
4096 59 1360146866
4096 1049 1336893810
4096 14 1249740059
4096 20 708148732
4096 31 95168101
1280 1736 3232242128
801 6974 3232235976
769 3599 3642233866
704 3736 3232240094
544 1366 3232268561
544 487 3232242124
512 1351 3232242084
512 392 3232241962
512 708 3232240125
512 1785 3232238370
512 20 3176219522
512 4 2996148120
512 1 1952313867
512 61 1844779080
512 149 1589496373
512 58 1389779514
512 46 920756620
512 49 623803358
416 3816 3232241934
352 1587 3232238359
320 1371 3232242113
320 2065 3232242070
320 693 3232240108
320 89 1589494295
320 16 1539233818
289 3158 3232241956
288 5986 3232242041
288 16 1844782511
256 353 3627734030
256 183 3569909262
256 115 3569887746
256 48 3328294453
256 52 3261769018
256 1392 3232242088
256 5380 3232241675
256 589 3232238582
256 14 3223256436
256 2 3154309038
256 41 3105824798
256 194 3002980436
256 1 3000988491
256 2 3000886484
256 44 3000786514
256 4 2996144166
256 2 2996067097
256 2 2991528935
256 2 2987842914
256 1783 2899906926
256 12 2746005418
256 21 1952412020
256 21 1844783000
256 12 1844782777
256 20 1844782366
256 14 1844781835
256 14 1844781629
256 10 1844781412
256 15 1844781152
256 24 1836739026
256 1 1836666666
256 2 1834820324
256 2 1834759614
256 6 1754937616
256 4 1601306420
256 1 1566015773
256 307 1565983857
256 12 1565921855
256 220 1507332640
256 9 1467268975
256 5 1410742124
256 12 1357894564
256 5 1310637989
256 18 1308097522
256 102 1249745480
256 159 1094188199
256 6 912097236
256 6 787543598
256 681 520967204
256 196 411555630
256 2 411503916
256 32 34993682
97 2730 3569893873
97 2629 3569893872
96 2611 3569893879
96 2512 3569893876
96 2732 3569893875
96 950 3232242091
96 1115 3232238864
96 12 1844781687
96 89 1467268409
64 275 3644965155
64 1802 3642233865
64 2 3586587703
64 1 3569931952
64 4 3569895567
64 23 3569893847
64 2 3569885086
64 1 3288094112
64 834 3232242125
64 1946 3232242101
64 82 3232242054
64 23 3232238867
64 616 3232236000
64 2 3170868854
64 4 3165548879
64 1 3154289844
64 3 3154278336
64 4 3154257579
64 12 3105587421
64 36 3003029706
64 1 3001009610
64 1 3000978149
64 2 3000952184
64 8 3000917545
64 4 3000892840
64 2 3000878310
64 5 3000851854
64 3 3000825571
64 1 3000781455
64 3 2996171629
64 3 2996142478
64 3 2996131502
64 1 2996111098
64 34 2996091013
64 2 2996076560
64 17 2996044571
64 285 2991527431
64 1 2977347678
64 150 2899906915
64 1 2565980556
64 28 1854651737
64 11 1844783095
64 11 1844782907
64 32 1844782794
64 15 1844782690
64 41 1844782517
64 11 1844782359
64 16 1844782261
64 9 1844782149
64 11 1844781944
64 34 1844781798
64 40 1844781581
64 14 1844781433
64 20 1844781249
64 8 1844781096
64 46 1838849639
64 1 1836728937
64 14 1836051266
64 3 1834849353
64 2 1834809313
64 11 1834786558
64 2 1834782873
64 2 1834757627
64 25 1746020394
64 9 1605660291
64 2 1605633465
64 2 1589503449
64 26 1583627399
64 1 1566031232
64 1 1566011525
64 2 1565967039
64 12 1565932348
64 1 1559529168
64 2 1536153754
64 2 1507368613
64 4 1505152886
64 4 1472013121
64 45 1467268394
64 1 1439331631
64 4 1401369882
64 31 1383456088
64 2 1336895388
64 1 1332055490
64 55 1311452031
64 7 1308097265
64 4 1298738814
64 2 1294904918
64 48 1123631194
64 12 1040464310
64 27 1040463683
64 43 872480150
64 2 787538143
64 5 623069063
64 2 411550164
64 1 411533359
64 1 411521848
64 4 134743044
64 4 87641901
33 2 3000802633
32 7066 3642233869
32 75 3627734058
32 365 3569937542
32 23 3569896867
32 2750 3569893878
32 2657 3569893874
32 83 3569893844
32 1 3561295529
32 10 3288102650
32 48 3238006401
32 1773 3232243227
32 27 3232240115
32 1 3170873211
32 55 3162013535
32 2 3154303541
32 9 3154261845
32 4 3110595990
32 2 3002982338
32 1 3001018241
32 42 3000995503
32 9 3000972587
32 1 3000929083
32 6 3000908315
32 8 3000889085
32 2 3000871438
32 2 3000846107
32 16 3000827993
32 1 3000773543
32 4 2996158663
32 4 2996134811
32 6 2996111067
32 4 2996095270
32 8 2996053869
32 20 2991529028
32 12 2987466129
32 2 2957232284
32 8 2838971388
32 38 1928283751
32 1 1844793428
32 18 1844783006
32 10 1844782734
32 17 1844782673
32 10 1844782339
32 20 1844782234
32 13 1844782024
32 12 1844781923
32 12 1844781614
32 23 1844781404
32 8 1844781270
32 19 1844781116
32 4 1842243330
32 105 1836743261
32 2 1836733040
32 1 1836657804
32 2 1834868886
32 2 1834843510
32 3 1834813905
32 2 1834791653
32 13 1834778730
32 1 1834749084
32 28 1745879561
32 1 1605646357
32 1 1589508751
32 1 1589488078
32 1 1572361797
32 2 1566039148
32 1 1566014434
32 49 1565988729
32 2 1565966729
32 3 1565942063
32 4 1559527714
32 13 1539233816
32 6 1536457218
32 38 1507357447
32 2 1476013705
32 33 1467268934
32 4 1440673098
32 1 1389415913
32 23 1383449782
32 2 1336897145
32 1 1332062190
32 180 1332030676
32 1 1310622176
32 10 1307777794
32 6 1307777521
32 5 1307777292
32 10 1307776622
32 3 1294910119
32 278 1249742781
32 3 1052869966
32 8 1040463715
32 126 874825883
32 2 787538337
32 9 678496564
32 3266 520967176
32 143 411544733
32 1 411505774
32 1 95167673
32 38 92696136
2 37 1294893878
1 2 3586583768
1 4 3378221339
1 1 3105587334
1 2 3000997071
1 1 3000979160
1 1 3000849850
1 1 3000796042
1 1 2996153057
1 2 2996062241
1 19 1844781077
1 4 1836671495
1 6 1605661512
1 1 1500446309
1 1 1294907305
1 4 1294900839
1 4 921151700
1 5 912097235
30268
