1933312 1927165 3232235891
65536 45 3561297504
65536 747 3232242079
65536 3654 3232240099
65536 573 3232235987
65536 6 3154300208
65536 120 2991529229
65536 11 1844796798
65536 4 1417827133
65536 3266 520967176
32768 16 3000861930
32768 255 1565932831
32768 4 621983939
16384 1736 3232242128
16384 4 1541277079
4096 1531 3232242039
4096 2 3000841111
4096 23 1844782950
4096 398 1757689392
4096 2 1494697485
4096 2 411514026
512 2730 3569893873
512 950 3232242091
512 6971 3232238882
512 3 3000968940
512 2 2996101223
512 1 1844789368
512 1 1589503009
512 33 1467268941
512 4 1403167638
512 278 1249742781
64 2611 3569893879
64 3158 3232241956
64 1 3170868891
64 1 3000868232
64 2 2996107284
64 53 1467268383
64 3 1334615855
3340
