1923072 1927165 3232235891
16384 5380 3232241675
14336 7066 3642233869
14336 5986 3232242041
8960 3736 3232240094
8720 2611 3569893879
8592 6971 3232238882
8450 2629 3569893872
8208 1783 2899906926
8192 13 3627735811
8192 2750 3569893878
8192 2657 3569893874
8192 38 3475901870
8192 1609 3232242108
8192 1263 3232242103
8192 1522 3232242078
8192 567 3232242074
8192 1319 3232239148
8192 906 3232238617
8192 547 3232238361
8192 1795 3232238127
8192 5528 3232235826
8192 4 3208514489
8192 4 3207022666
8192 8 3154307038
8192 2 3012504070
8192 2 3001017362
8192 1 3000960191
8192 4 3000903639
8192 2 3000888834
8192 3 3000769488
8192 2 2996072787
8192 11 2987463805
8192 3 2025608508
8192 4 2025588681
8192 9 1844782931
8192 14 1844782433
8192 8 1844781545
8192 16 1844781060
8192 2 1834902707
8192 1 1834840756
8192 1 1792516418
8192 5 1589506622
8192 6 1566039064
8192 2 1565936735
8192 4 1507364840
8192 208 1500446109
8192 109 1467268966
8192 6 1383450334
8192 18 1307778026
8192 4 1294917246
8192 6 1040463808
8192 2 1025186071
8192 6 623053362
8192 19 411512998
8192 6 150405836
6144 4526 3232242109
4352 1115 3232238864
4352 6974 3232235976
4096 59 3642414544
4096 4 3572048064
4096 31 3569426715
4096 46 3271021374
4096 210 3232242119
4096 1371 3232242113
4096 1946 3232242101
4096 327 3232242040
4096 1745 3232241976
4096 4308 3232239137
4096 3170 3232238871
4096 4649 3232238865
4096 589 3232238582
4096 1785 3232238370
4096 102 3232236291
4096 38 3224126467
4096 2 3216467210
4096 40 3170868558
4096 39 3170861611
4096 9 3145366987
4096 29 3026311156
4096 59 3002983904
4096 5 3002980416
4096 60 3002976290
4096 29 3001011821
4096 164 3000836538
4096 55 2953411119
4096 261 2472259483
4096 2209 1842241570
4096 24 1836656046
4096 1 1834797262
4096 7 1834791179
4096 3 1599786051
4096 3 1599439244
4096 4 1536582224
4096 60 1507335726
4096 44 1494697476
4096 3 1418319844
4096 4 1336894114
4096 37 1308682545
4096 84 1298731927
4096 55 1123631690
4096 5 1047293338
4096 9 916092654
4096 7 915695631
4096 100 876163338
4096 22 801578270
4096 25 772829046
4096 10 411541099
2560 605 3232242000
2560 3816 3232241934
2560 5535 3232238352
2048 145 3585379718
2048 693 3232240108
2048 49 3221234077
2048 185 3007103756
2048 10 1743845738
2048 749 1589492464
2048 96 1565945541
2048 16 1536450241
2048 53 1137335902
2048 2 921093418
1664 1736 3232242128
1024 50 1041373745
640 947 1507337618
544 784 3232242121
512 2 3586572309
512 183 3569909262
512 106 3232242082
512 2299 3232242045
512 7976 3232238883
512 45 3225059358
512 2 3109186004
512 79 3002764801
512 2 3000955710
512 4 3000845020
512 3 2991535953
512 2 2991530234
512 55 2539982220
512 5 2230660114
512 2 1844817675
512 9 1844782499
512 25 1844781756
512 20 1844781716
512 61 1844779080
512 1325 1844776490
512 6 1834847520
512 6 1754937616
512 4 1599796837
512 40 1566006274
512 49 1489374987
512 257 1410740530
512 1 1347069978
512 135 1249745386
512 48 774386548
512 71 678625580
512 1 411528225
384 2581 3569893877
256 7 3642236813
256 108 3105533459
256 6 3000905448
256 2 2996170632
256 2 2996100211
256 3 2957232853
256 143 2899906920
256 20 1844782329
256 9 1844781966
256 2 1836652638
256 2 1834782979
256 125 1834775373
256 1 1589508309
256 1 1559530918
256 45 1540428388
256 2 1507368872
256 6 1410736744
256 6 1310628418
256 6 1307776613
256 19 1298734483
256 5 623067380
256 143 411544733
256 23 225117056
128 2 3154305189
128 2 3000985394
128 165 3000911446
128 3 2996114118
128 1 2915211240
128 8 1844781982
128 11 1844781358
128 2 1834842308
128 1 1605660862
128 307 1565983857
128 12 1357894564
128 5 1332030663
128 6 874302714
128 1 411552969
32 2512 3569893876
32 2 3000956309
32 4 2996066507
32 20 1844782096
32 2 1834856898
32 2 1589480101
32 1 1536449036
32 8 1307777939
32 5 1094147224
16 487 3232242124
16 37 3001009628
16 1 2996117974
16 26 1836743463
16 2 1565980218
16 1 1500444290
16 3 1307777436
2 2 3586583768
2 3158 3232241956
2 1 3105587334
2 1 3000849850
2 1 2996153057
2 19 1844781077
2 1 1500446309
2 4 1294900839
2 37 1294893878
2 5 912097235
1 2 3000997071
1 2 3000802633
1 2 2996062241
1 6 1605661512
12388
