1927424 1927165 3232235891
12960 6971 3232238882
12546 6974 3232235976
10496 7066 3642233869
8192 5006 3232242037
8192 7976 3232238883
8192 3266 520967176
7554 3599 3642233866
6784 3816 3232241934
6656 5528 3232235826
6144 2321 3232242087
6144 2137 3232240101
6144 5535 3232238352
5120 5380 3232241675
4352 3736 3232240094
4352 4308 3232239137
4224 2512 3569893876
4096 2 3730359501
4096 350 3627733422
4096 2 3582554999
4096 45 3569913923
4096 2581 3569893877
4096 2657 3569893874
4096 33 3569893831
4096 21 3569884626
4096 10 3240032779
4096 1366 3232268561
4096 573 3232242255
4096 494 3232242245
4096 663 3232242114
4096 1141 3232242106
4096 868 3232242105
4096 1492 3232242081
4096 1252 3232242046
4096 1745 3232241976
4096 185 3232241972
4096 708 3232240125
4096 635 3232239139
4096 4649 3232238865
4096 871 3232238634
4096 906 3232238617
4096 1217 3232238362
4096 24 3232238351
4096 2638 3232238097
4096 2 3208444497
4096 3 3207026590
4096 3 3207022771
4096 2 3206974615
4096 8 3154307038
4096 1096 3106590040
4096 12 3105533454
4096 3 3012245525
4096 730 3007103750
4096 4 3001012628
4096 2 3001002050
4096 2 3000968503
4096 3 3000905880
4096 24 3000887993
4096 1 3000836837
4096 2 3000799674
4096 2 2996171273
4096 2 2996083151
4096 8 2996076594
4096 19 2987842658
4096 50 2899907438
4096 12 2374528685
4096 75 2056147285
4096 4 2025608122
4096 1 2025606032
4096 9 2025605138
4096 10 1912885877
4096 2 1844797820
4096 23 1844782680
4096 13 1844782197
4096 16 1844781943
4096 15 1844781493
4096 39 1844781265
4096 3 1836744575
4096 2 1836733552
4096 3 1834937862
4096 2 1834813145
4096 3 1834786410
4096 2 1834777858
4096 1 1833448143
4096 7 1746864826
4096 4 1591257900
4096 124 1580113693
4096 12 1566006402
4096 12 1565951360
4096 5 1565940673
4096 279 1542837900
4096 2 1536585163
4096 3825 1507377792
4096 2 1507359970
4096 25 1476015905
4096 24 1467268957
4096 104 1467254330
4096 16 1383456122
4096 158 1383451454
4096 4 1348333259
4096 21 1332067697
4096 3 1332035728
4096 27 1307777712
4096 27 1307776738
4096 2 1294919722
4096 85 1209359231
4096 9 1040463785
4096 2132 874062042
4096 2 774815964
4096 2 411533102
4096 54 212005590
4096 23 92696214
3328 2065 3232242070
3072 3654 3232240099
2304 4526 3232242109
2304 2299 3232242045
2304 1230 3232239134
2304 1587 3232238359
2048 2907 3642233881
2048 162 3627734050
2048 101 3569893833
2048 44 3561297524
2048 36 3561295523
2048 33 3492542516
2048 56 3261768251
2048 1908 3232242306
2048 114 3232242120
2048 981 3232242115
2048 481 3232242086
2048 4151 3232242068
2048 528 3232239140
2048 1747 3232239133
2048 2501 3232239128
2048 3170 3232238871
2048 1845 3232238099
2048 2 3206443045
2048 20 3170882681
2048 44 3170878934
2048 50 3170872884
2048 20 3170870778
2048 45 3170868642
2048 39 3170861839
2048 3 3160730014
2048 168 3160225864
2048 2 3154253366
2048 38 3077126565
2048 59 3002983400
2048 60 3002983319
2048 20 3002981846
2048 59 3002978092
2048 35 3002977440
2048 168 3000945499
2048 250 3000921771
2048 5 3000888945
2048 62 2987842522
2048 8 2987463747
2048 6 2976030885
2048 46 2560819299
2048 11 2538662507
2048 51 2056045088
2048 45 1885555245
2048 16 1861233959
2048 54 1842152153
2048 19 1836656385
2048 15 1836654940
2048 29 1836652354
2048 60 1834862508
2048 6 1831601063
2048 35 1796557417
2048 141 1592177394
2048 749 1589492464
2048 11 1583625855
2048 255 1565932831
2048 3 1558016919
2048 1 1536583525
2048 42 1514769228
2048 19 1507371614
2048 109 1467268966
2048 92 1467268413
2048 22 1424544280
2048 40 1383454822
2048 3 1348809417
2048 20 1347070260
2048 1049 1336893810
2048 15 1336891930
2048 25 1336886432
2048 56 1332045826
2048 54 1298742956
2048 19 1298737228
2048 1 1294915732
2048 1 1294907985
2048 31 1055919970
2048 8 1047293786
2048 6 987031958
2048 907 873147481
2048 4 621983841
2048 5 454088678
2048 38 386467406
2048 60 95166650
2048 636 85376849
1920 1736 3232242128
1280 693 3232240108
1280 589 3232238582
1024 4 3656762819
1024 1 3641539680
1024 24 3500670672
1024 379 3232268306
1024 2477 3232242122
1024 1609 3232242108
1024 5986 3232242041
1024 318 3232236002
1024 135 3232235786
1024 9 3000846278
1024 1 2997017405
1024 4 2926642184
1024 261 2472259483
1024 27 1833451020
1024 45 1566042882
1024 13 1565949556
1024 36 1542837777
1024 6 1332074467
1024 9 1332052996
1024 214 921095146
1024 14 875846807
1024 36 22140132
512 61 1844779080
512 2209 1842241570
512 227 1475202809
384 2750 3569893878
384 768 3232268575
288 487 3232242124
288 594 910484341
256 1 3673136494
256 1 3586587138
256 44 3569899286
256 4 3568499033
256 1 3258365532
256 834 3232242125
256 950 3232242091
256 427 3232242034
256 3158 3232241956
256 68 3223256444
256 3 3154279228
256 12 3137446829
256 3 3002968062
256 17 3002764540
256 1 3000973989
256 35 3000911371
256 12 3000806227
256 2 3000261571
256 2 2996137696
256 2 2996091321
256 7 2991530746
256 2 2991526232
256 122 2899906882
256 48 2742418693
256 8 2056184942
256 53 2000070573
256 14 1844783033
256 10 1844782935
256 10 1844782489
256 6 1844782461
256 20 1844782234
256 19 1844782100
256 12 1844781923
256 109 1844781793
256 10 1844781319
256 11 1844781223
256 2 1836663495
256 8 1834818616
256 11 1834783975
256 10 1834778950
256 185 1833451344
256 2 1592061426
256 89 1589494295
256 157 1583627492
256 2 1565996253
256 5 1565977335
256 1 1547497229
256 10 1539233815
256 1 1536586302
256 6 1507365921
256 2 1507332652
256 47 1467268354
256 69 1383453410
256 33 1383450470
256 4 1351639077
256 39 1332022554
256 19 1308097535
256 1 1294902799
256 121 1249742780
256 40 1035255630
256 2 675610402
256 4 622366250
256 544 520963843
256 1 411522312
256 7 34200899
128 3 3569897564
128 2611 3569893879
128 2732 3569893875
128 18 3569893762
128 566 3232242090
128 1291 3232239823
128 616 3232236000
128 2 3170872528
128 2 3154303541
128 5 3104227236
128 5 3001015002
128 2 3000941043
128 1 3000900880
128 24 3000888016
128 16 3000827993
128 4 2996135185
128 2 2996120302
128 285 2991527431
128 12 2957232098
128 18 2838321062
128 1 1844805519
128 4 1844805188
128 14 1844782679
128 10 1844782153
128 20 1844782102
128 14 1844781518
128 16 1844781357
128 1 1844779442
128 1 1834860492
128 17 1834809581
128 255 1834781566
128 11 1752162526
128 4 1605636033
128 2 1589496501
128 2 1566034293
128 2 1566018906
128 3 1565942063
128 4 1507363509
128 1 1507354055
128 23 1383456124
128 19 1383456105
128 8 1347069678
128 41 1342979920
128 1 1294908328
128 14 1040464339
128 7 918735984
128 3 411558849
128 1 411528734
128 4 411526396
64 1 1332040207
64 4 1307777077
64 20 1018479179
34 37 1294893878
32 37 3001009628
32 1 2996117974
32 21 1952411649
32 26 1836743463
32 3 1605635279
32 354 1566013665
32 16 1539233818
32 1 1500444290
32 53 1467268408
32 72 1332022550
32 3 1307777436
32 2 1294919201
2 2730 3569893873
2 4 3378221339
2 1 3000979160
2 1 3000796042
2 32 1844782180
2 4 1836671495
2 1 1294907305
2 4 921151700
1 2 3000997071
1 2 3000802633
1 2 2996062241
1 6 1605661512
23436
