1922560 1927165 3232235891
13312 4526 3232242109
12288 5380 3232241675
12288 3170 3232238871
12288 5528 3232235826
10242 6974 3232235976
9216 7976 3232238883
8866 2730 3569893873
8192 275 3644965155
8192 75 3627733250
8192 2 3586575776
8192 2611 3569893879
8192 2512 3569893876
8192 44 3475948065
8192 1773 3232243227
8192 313 3232242249
8192 1946 3232242101
8192 437 3232242077
8192 1252 3232242046
8192 5006 3232242037
8192 160 3232241939
8192 2137 3232240101
8192 1291 3232239823
8192 341 3232239127
8192 4649 3232238865
8192 1785 3232238370
8192 5535 3232238352
8192 1845 3232238099
8192 1 3208404009
8192 6 3207027046
8192 1 3198156967
8192 1 3093924706
8192 1 3012499373
8192 6 3001022305
8192 1462 3000984903
8192 1 3000830026
8192 5 3000794554
8192 2 2996170230
8192 61 2996056929
8192 83 2838972983
8192 4 2537985714
8192 17 2025607145
8192 1 2025587392
8192 25 1844782851
8192 15 1844782221
8192 30 1844781062
8192 1 1836661864
8192 60 1834783990
8192 11 1834750229
8192 2 1791478006
8192 12 1589494481
8192 3 1566015998
8192 23 1565933357
8192 2 1536587939
8192 947 1507337618
8192 6 1500444135
8192 5 1383454330
8192 4 1341992821
8192 11 1307777962
8192 6 1307776556
8192 229 1294905180
8192 9 918603018
8192 3 772903107
8192 3266 520967176
8192 38 411535202
8192 636 85376849
5120 1747 3232239133
4096 92 3644966646
4096 38 3475901870
4096 1908 3232242306
4096 605 3232242000
4096 2120 3232239122
4096 1 3216467258
4096 50 3170872884
4096 15 3170872450
4096 10 3170865257
4096 14 3003034927
4096 60 3002983913
4096 5 3002980416
4096 19 3002980161
4096 53 3000862761
4096 40 3000697430
4096 16 2915190124
4096 34 1836654128
4096 60 1836653773
4096 80 1834774499
4096 12 1572396052
4096 44 1539883895
4096 42 1514769228
4096 3 1420766778
4096 35 1383448994
4096 15 1347069742
4096 40 1336897312
4096 20 1298735059
4096 19 1026831221
4096 45 921094361
4096 87 872808419
4096 6 390127754
4096 25 95168326
4096 45 95167452
2560 4308 3232239137
2048 1736 3232242128
2048 52 2996122603
2048 4 1589488213
2048 19 1249745515
1536 3816 3232241934
1024 19 3475900583
1024 2065 3232242070
1024 2299 3232242045
1024 6971 3232238882
1024 164 3000836538
1024 126 2990506277
1024 4 2472246657
1024 4 1601335038
1024 13 1565949556
1024 137 1357942885
1024 55 1123631690
1024 4 787797209
1024 219 411560911
640 1115 3232238864
514 3599 3642233866
512 2750 3569893878
512 2 3560517165
512 1609 3232242108
512 950 3232242091
512 1531 3232242039
512 693 3232240108
512 318 3232236002
512 2 3154280618
512 4 3001024280
512 17 3000966947
512 2 3000861348
512 79 3000829448
512 2 2996158270
512 5 2996107796
512 19 2991531014
512 81 2899906858
512 474 1844814107
512 1 1844801741
512 41 1844782517
512 15 1844782002
512 23 1844781283
512 61 1844779080
512 17 1834872285
512 1 1834777691
512 2 1592178324
512 89 1589494295
512 62 1541057794
512 4 1530688382
512 3825 1507377792
512 4 1494061034
512 18 1383453186
512 4 1332023625
512 17 1040463617
512 35 921307514
512 34 709475375
512 7 411526149
256 2 2996126265
256 104 1844829702
256 2 1844782764
256 110 1842294298
256 8 1834794449
256 3 1599451374
256 3 1559535596
256 45 1467268394
256 10 1332034050
256 56 921093515
256 6 411512223
128 2581 3569893877
128 1 3170871864
128 2 3000972444
128 2 2996123264
128 10 2996085101
128 20 1844782868
128 29 1844782628
128 4 1844781168
128 24 1844781091
128 5 1747575662
128 1 1589508751
128 23 1541058302
128 3 1538879739
128 80 1467268379
128 16 1310223775
128 7 1307777724
128 4 772897224
128 450 520967172
64 8 1844781646
64 3 1836729017
64 307 1565983857
64 35 1467268371
64 3 1050404379
32 1 3170247129
32 9 3000891514
32 10 2344739444
32 15 1844781846
32 1 1834833116
32 125 1566001162
32 4 1470757965
32 6 1307777798
32 6 678526000
16 1 3240247306
16 5986 3232242041
16 1 3000926262
16 16 3000827993
16 46 2074416846
16 107 1844782169
16 3 1583625002
16 32 1467268398
16 12 1307777211
16 4 521206212
2 4 3378221339
2 1 3000979160
2 1 3000796042
2 32 1844782180
2 4 1836671495
2 1 1294907305
2 37 1294893878
2 4 921151700
1 2 3000997071
1 2 3000802633
1 2 2996062241
1 6 1605661512
16108
