1927296 1927165 3232235891
8736 7976 3232238883
7200 7066 3642233869
6241 6974 3232235976
6144 5006 3232242037
6070 6971 3232238882
5824 5528 3232235826
5808 3736 3232240094
5696 5535 3232238352
5120 4151 3232242068
4690 5986 3232242041
4672 3170 3232238871
4640 5380 3232241675
4608 4308 3232239137
4290 3825 1507377792
4260 3816 3232241934
4145 3599 3642233866
4128 4526 3232242109
4096 4649 3232238865
3584 2450 3232238360
3584 2638 3232238097
3209 2730 3569893873
3173 3158 3232241956
3146 2732 3569893875
3104 3266 520967176
3102 2581 3569893877
3072 2748 3232242287
3072 3654 3232240099
3072 2501 3232239128
2672 1462 3000984903
2660 2333 3232235989
2608 1946 3232242101
2576 2209 1842241570
2568 2299 3232242045
2560 2907 3642233881
2560 2321 3232242087
2560 2137 3232240101
2560 2120 3232239122
2190 2611 3569893879
2168 2657 3569893874
2154 2750 3569893878
2154 2512 3569893876
2101 2629 3569893872
2064 2477 3232242122
2048 960 3642233861
2048 1459 3232268304
2048 1141 3232242106
2048 1522 3232242078
2048 1252 3232242046
2048 1319 3232239148
2048 1924 3232239118
2048 1951 3232238616
2048 2166 3232238357
2048 1077 3232238145
2048 1348 874528349
2048 2132 874062042
1974 1736 3232242128
1600 784 3232242121
1600 730 3007103750
1592 768 3232268575
1578 2065 3232242070
1568 708 3232240125
1552 667 3627734734
1536 968 3642233105
1536 798 3627733454
1536 1908 3232242306
1536 968 3232242246
1536 970 3232242112
1536 1609 3232242108
1536 1392 3232242088
1536 1351 3232242084
1536 1827 3232242072
1536 1745 3232241976
1536 1217 3232238362
1536 1023 3007103751
1536 157 1836742097
1536 151 1751606603
1536 64 1241915932
1536 660 520967170
1536 636 85376849
1184 594 910484341
1122 1783 2899906926
1114 950 3232242091
1104 1325 1844776490
1060 49 1489374987
1056 52 3261769018
1056 1531 3232242039
1056 1845 3232238099
1056 135 3108714586
1056 105 2899906954
1056 43 1836743466
1056 1165 85376864
1042 1773 3232243227
1040 1366 3232268561
1032 318 3232236002
1032 36 1539021354
1028 834 3232242125
1024 3 3756459726
1024 1 3715900684
1024 16 3651784774
1024 4 3644009303
1024 1 3642233936
1024 85 3627734154
1024 18 3627734019
1024 163 3586583648
1024 2 3582550386
1024 103 3569936970
1024 6 3569930593
1024 4 3569902857
1024 2 3569895356
1024 41 3569893848
1024 292 3569893752
1024 3 3569887025
1024 45 3561297529
1024 7 3560845667
1024 44 3512066695
1024 1 3363374922
1024 1 3335016868
1024 489 3324583623
1024 22 3276126883
1024 573 3232242255
1024 1152 3232242251
1024 210 3232242119
1024 981 3232242115
1024 663 3232242114
1024 868 3232242105
1024 1263 3232242103
1024 1252 3232242095
1024 781 3232242093
1024 917 3232242089
1024 1492 3232242081
1024 747 3232242079
1024 567 3232242074
1024 78 3232242051
1024 327 3232242040
1024 165 3232241958
1024 249 3232240123
1024 297 3232240088
1024 868 3232239637
1024 39 3232239138
1024 1317 3232239136
1024 1747 3232239133
1024 341 3232239127
1024 1252 3232238869
1024 871 3232238634
1024 474 3232238629
1024 48 3232238622
1024 547 3232238361
1024 283 3232238354
1024 1795 3232238127
1024 185 3232238120
1024 4 3208635636
1024 2 3208594412
1024 2 3208543765
1024 1 3208514992
1024 2 3208477284
1024 3 3208444352
1024 2 3208400457
1024 2 3207028485
1024 2 3207027516
1024 8 3207026483
1024 2 3207025869
1024 4 3207024974
1024 2 3207024117
1024 5 3207023280
1024 2 3207022525
1024 15 3207021561
1024 4 3207010782
1024 1 3206995966
1024 1 3178951262
1024 2 3170249072
1024 4 3166779173
1024 58 3162013541
1024 2 3161842578
1024 2 3154299883
1024 8 3154284664
1024 10 3154264037
1024 2 3154258889
1024 22 3154254059
1024 36 3108221417
1024 2 3106037734
1024 2 3106037062
1024 25 3104980364
1024 2 3012522580
1024 2 3012316038
1024 5 3012252248
1024 2 3012096079
1024 1 3002983621
1024 7 3001930457
1024 1 3001018312
1024 6 3001015518
1024 2 3001007673
1024 2 3000985085
1024 1 3000976388
1024 3 3000962681
1024 60 3000957368
1024 23 3000933310
1024 1 3000922923
1024 133 3000901796
1024 1 3000894012
1024 6 3000888923
1024 4 3000886320
1024 2 3000885186
1024 3 3000864917
1024 2 3000859743
1024 4 3000849531
1024 1 3000838330
1024 9 3000835044
1024 3 3000829513
1024 3 3000824947
1024 3 3000806218
1024 2 3000798418
1024 3 3000786996
1024 8 3000781830
1024 3 3000768759
1024 147 3000763596
1024 5 3000261152
1024 2 2996160602
1024 2 2996143870
1024 4 2996139503
1024 4 2996123437
1024 6 2996116448
1024 2 2996105661
1024 46 2996092751
1024 5 2996085256
1024 3 2996073100
1024 1 2996061369
1024 1 2996045572
1024 1 2991535956
1024 2 2991531901
1024 6 2991526873
1024 3 2988151453
1024 62 2987842522
1024 11 2959878793
1024 11 2957233326
1024 117 2919000325
1024 1 2890682872
1024 13 2862021641
1024 244 2539988207
1024 261 2472259483
1024 21 2472231169
1024 4 2248385337
1024 28 2151365447
1024 13 2056187868
1024 4 2056146389
1024 1 2025611037
1024 1 2025610624
1024 6 2025609051
1024 13 2025607819
1024 13 2025607167
1024 5 2025606797
1024 5 2025606330
1024 5 2025605893
1024 2 2025605524
1024 8 2025605153
1024 1 2025595020
1024 3 2025588118
1024 8 2025587398
1024 1 1984386838
1024 6 1912885232
1024 1 1878755592
1024 4 1844831304
1024 2 1844806787
1024 16 1844783085
1024 25 1844782997
1024 17 1844782855
1024 15 1844782762
1024 25 1844782682
1024 28 1844782649
1024 198 1844782464
1024 26 1844782436
1024 32 1844782310
1024 6 1844782273
1024 13 1844782197
1024 23 1844782113
1024 14 1844781990
1024 37 1844781906
1024 14 1844781836
1024 25 1844781767
1024 25 1844781650
1024 22 1844781597
1024 12 1844781513
1024 17 1844781411
1024 16 1844781320
1024 17 1844781228
1024 14 1844781157
1024 16 1844781111
1024 4 1842244596
1024 3 1836733721
1024 2 1836670723
1024 16 1834934369
1024 3 1834869482
1024 1 1834861361
1024 2 1834858361
1024 2 1834847901
1024 2 1834834473
1024 2 1834823895
1024 1 1834819917
1024 2 1834809840
1024 5 1834796015
1024 6 1834794385
1024 4 1834793638
1024 15 1834785404
1024 125 1834775373
1024 3 1834762379
1024 4 1834757888
1024 3 1833450385
1024 2 1792949809
1024 3 1792739120
1024 1 1791479383
1024 398 1757689392
1024 7 1669959932
1024 2 1605662137
1024 4 1605654684
1024 4 1605642693
1024 2 1599798755
1024 1 1599449595
1024 3 1589509648
1024 3 1589501682
1024 4 1589495693
1024 63 1589491859
1024 3 1585382478
1024 11 1583625920
1024 3 1575297629
1024 8 1572363158
1024 3 1566041381
1024 2 1566031220
1024 6 1566014801
1024 2 1566009649
1024 38 1565993981
1024 5 1565984986
1024 196 1565968039
1024 1 1565967673
1024 29 1565961812
1024 2 1565942957
1024 2 1565935154
1024 1 1565923904
1024 5 1565921254
1024 4 1559531386
1024 4 1547535439
1024 421 1542837901
1024 111 1542096060
1024 258 1541276697
1024 1 1536582592
1024 2 1536448003
1024 54 1534077342
1024 1 1507364301
1024 90 1507359781
1024 42 1507342260
1024 27 1507336651
1024 8 1507335204
1024 35 1507333696
1024 4 1500431296
1024 10 1476016378
1024 52 1467268964
1024 34 1467268937
1024 59 1467268400
1024 38 1467268373
1024 104 1467254330
1024 2 1432250718
1024 3 1419409806
1024 4 1418029319
1024 3 1408725546
1024 2 1404656761
1024 6 1389419510
1024 3 1383455775
1024 8 1383452163
1024 6 1383450394
1024 11 1383225786
1024 3 1340463885
1024 16 1336900986
1024 3 1336893351
1024 2 1334615828
1024 14 1332074463
1024 4 1332072836
1024 74 1332061487
1024 2 1332046170
1024 9 1332034640
1024 72 1332022550
1024 2 1310634459
1024 20 1307777998
1024 5 1307777828
1024 14 1307777769
1024 13 1307777528
1024 13 1307777381
1024 6 1307777262
1024 12 1307777079
1024 5 1307776576
1024 4 1298740066
1024 115 1298727466
1024 12 1294910740
1024 229 1294905180
1024 3 1293320093
1024 13 1249745191
1024 352 1233961850
1024 68 1094180639
1024 50 1056290148
1024 17 1052870917
1024 9 1040464233
1024 4 1040463646
1024 21 992949726
1024 468 921390866
1024 48 918604739
1024 70 915531212
1024 40 872479884
1024 18 787540328
1024 3 774382858
1024 3 772897244
1024 52 635194369
1024 28 606944649
1024 195 520969474
1024 91 520967202
1024 8 469753527
1024 2 411563289
1024 6 411553831
1024 84 411545387
1024 2 411536932
1024 2 411517545
1024 4 411504451
1024 69 296615647
1024 1 97447892
1024 18 97447346
1024 2 97445902
1024 3 92694705
1024 29 34993674
848 1587 3232238359
704 158 1310638016
640 589 3232238582
576 41 3105824798
576 159 1094188199
552 693 3232240108
546 365 3569937542
544 56 2996045677
544 55 2953411119
544 157 1583627492
544 441 1249740221
544 544 520963843
528 1230 3232239134
528 168 3160225864
528 72 2987842534
520 487 3232242124
520 19 1018491231
512 31 3750442920
512 17 3747891193
512 10 3644966738
512 526 3642235009
512 1802 3642233865
512 54 3642233637
512 63 3627733442
512 19 3582266828
512 283 3569893651
512 45 3561297715
512 90 3561297482
512 49 3561296589
512 31 3561296411
512 21 3561295482
512 65 3415664397
512 1 3390401141
512 56 3261768251
512 39 3256648318
512 20 3256647834
512 379 3232268306
512 104 3232242097
512 427 3232242034
512 392 3232241962
512 389 3232240112
512 1178 3232240103
512 946 3232239142
512 528 3232239140
512 599 3232239117
512 140 3232238870
512 1785 3232238370
512 145 3232238348
512 616 3232236000
512 13 3229884703
512 2 3216467137
512 11 3185295198
512 1 3176824067
512 38 3170893267
512 24 3170893209
512 25 3170889430
512 45 3170887278
512 40 3170887238
512 42 3170886920
512 39 3170879356
512 44 3170878542
512 40 3170875311
512 42 3170874812
512 44 3170874405
512 29 3170872636
512 29 3170872242
512 25 3170871065
512 27 3170870479
512 15 3170870051
512 15 3170869030
512 29 3170868867
512 40 3170868558
512 19 3170867928
512 44 3170867234
512 20 3170866660
512 46 3170866290
512 20 3170865471
512 20 3170865239
512 44 3170862092
512 45 3170861848
512 3 3161886700
512 7 3154306959
512 38 3154269171
512 8 3145366532
512 4 3108353216
512 144 3106590033
512 23 3105796438
512 6 3104227162
512 35 3003035964
512 45 3003035943
512 45 3003032774
512 30 3003032365
512 45 3002988934
512 60 3002983913
512 59 3002983904
512 40 3002983614
512 59 3002983233
512 20 3002982909
512 45 3002982719
512 59 3002981689
512 194 3002980436
512 48 3002980157
512 59 3002979837
512 69 3002978722
512 39 3002978272
512 60 3002978172
512 30 3002977414
512 79 3002976578
512 30 3002976124
512 113 3002975714
512 23 3000975394
512 250 3000921771
512 40 3000906542
512 6 3000893204
512 5 3000886513
512 58 3000836323
512 25 3000698186
512 40 3000697436
512 40 3000697430
512 3 3000697138
512 8 2996133766
512 3 2996113515
512 55 2996065777
512 2 2991526962
512 2 2973779251
512 6 2959879589
512 9 2959877164
512 6 2959633125
512 47 2915097664
512 57 2899908078
512 81 2899906858
512 41 2794021489
512 3 2730802648
512 106 2588483243
512 46 2560819299
512 121 2539981957
512 3 2476526251
512 22 2248150823
512 6 2214567486
512 19 2192893482
512 4 1995190962
512 21 1953820402
512 87 1936785220
512 19 1844831740
512 48 1844827681
512 3 1844795029
512 56 1844034547
512 140 1836742374
512 15 1836662004
512 15 1836659466
512 34 1836657662
512 30 1836656247
512 29 1836655742
512 31 1836655096
512 24 1836654992
512 20 1836650096
512 19 1836649083
512 59 1836648685
512 59 1834847299
512 110 1834823868
512 1 1834801352
512 4 1833449418
512 2 1831601120
512 7 1831600404
512 5 1823543067
512 66 1752161036
512 35 1745882120
512 10 1653197288
512 12 1605650544
512 5 1605644182
512 28 1598284061
512 3 1591229551
512 66 1589482515
512 206 1579097363
512 3 1568720354
512 3 1566047081
512 6 1566019320
512 6 1566004214
512 1 1565954614
512 102 1565947376
512 1 1565929383
512 192 1559534088
512 53 1542837914
512 24 1540428378
512 20 1538880227
512 4 1509272566
512 135 1507374306
512 30 1507370675
512 10 1507335435
512 220 1507332640
512 76 1507332494
512 14 1493092118
512 4 1489999938
512 6 1475268983
512 111 1475202805
512 9 1475202500
512 88 1467268357
512 7 1431080216
512 111 1427700584
512 3 1421139320
512 4 1415933051
512 9 1389778946
512 14 1383454338
512 38 1380370846
512 59 1360150498
512 50 1360150001
512 30 1360149868
512 35 1360148723
512 44 1360148092
512 48 1360146956
512 40 1347070733
512 39 1347070262
512 5 1347070027
512 3 1341160069
512 30 1336898990
512 15 1336897968
512 35 1336897431
512 45 1336894934
512 24 1336894045
512 3 1336893009
512 20 1336892417
512 14 1336891763
512 29 1336889198
512 29 1336887521
512 14 1336886621
512 11 1332082573
512 27 1323105832
512 26 1307776736
512 17 1307192362
512 39 1298741436
512 30 1298741207
512 30 1298734820
512 54 1298734100
512 30 1298733077
512 24 1298731568
512 110 1298729171
512 4 1292418630
512 202 1249745323
512 2 1221448232
512 10 1180295749
512 117 1121751685
512 15 1094106238
512 23 1040459121
512 21 921093476
512 9 918604664
512 16 918604559
512 27 918537327
512 15 874369918
512 14 873753393
512 8 872480143
512 69 872480064
512 1 822735684
512 17 786736141
512 5 786371942
512 8 778278706
512 66 678621581
512 4 633047437
512 3 523170557
512 556 520967220
512 360 520963841
512 219 411560911
512 88 411541116
512 4 407735269
512 2 392190824
512 1 150821148
512 25 95168372
512 35 95167942
512 45 95167270
512 3 49533275
512 30 38950191
512 21 16843009
128 58 2996173436
128 108 2899906917
128 19 2637660834
128 17 1952419499
128 14 1844782784
128 12 1844781855
128 21 1844781134
128 2 1836664736
128 11 1592059471
128 59 1536457206
128 94 1507357072
128 144 1383449154
128 4 1055087790
128 14 878000954
128 74 622477346
128 5 296567153
126 1115 3232238864
96 1371 3232242113
96 37 3001009628
96 3 2987843012
96 12 1844782022
96 31 1844781245
96 58 1332046410
80 42 3108714531
80 27 1836673695
72 14 1844782268
68 125 1566001162
64 2 3170251367
64 3 3154291303
64 12 3137446829
64 2 3104947330
64 2 3000906838
64 90 3000844894
64 9 3000786611
64 11 3000781446
64 2 2996171180
64 2 2996112798
64 2 2996064430
64 3 2991534533
64 2 2991528908
64 2 2959879319
64 12 2957234674
64 68 2899906925
64 103 2675577783
64 7 2197781369
64 11 1965335736
64 49 1938979573
64 10 1844816493
64 7 1844803164
64 12 1844783031
64 7 1844782940
64 23 1844782749
64 10 1844782722
64 29 1844782628
64 16 1844782493
64 21 1844782301
64 8 1844782239
64 107 1844782169
64 18 1844782095
64 6 1844781831
64 21 1844781727
64 9 1844781676
64 14 1844781507
64 22 1844781427
64 21 1844781294
64 19 1844781116
64 61 1844779080
64 10 1836669521
64 62 1836051382
64 28 1834803573
64 8 1834785338
64 11 1834783975
64 185 1833451344
64 2 1825942961
64 6 1744530789
64 4 1603220023
64 5 1599451368
64 6 1599442091
64 44 1591923639
64 89 1589494295
64 1 1589480482
64 4 1575294817
64 85 1565994621
64 21 1565987490
64 2 1565942067
64 4 1547495035
64 40 1542837923
64 11 1539021581
64 39 1536573725
64 4 1507352758
64 98 1487305904
64 227 1475202809
64 109 1467268966
64 4 1419489596
64 257 1410740530
64 21 1383450962
64 137 1357942885
64 47 1336897017
64 2 1310622221
64 2 1296997333
64 145 1294895874
64 78 1168276711
64 13 1052869136
64 3 1040463709
64 1 787544676
64 56 787541022
64 41 716831388
64 2 636324890
64 681 520967204
64 2 411561385
64 196 411555630
64 2 411548263
64 3 411517364
64 26 97446074
64 18 18680886
48 38 3569893774
48 566 3232242090
48 11 1834794287
48 25 1373873635
44 18 411528553
40 20 3421688426
40 27 1844782633
40 121 1249742780
32 46 3651785546
32 5 3639811842
32 4 3586583869
32 5 3586582316
32 2 3586577069
32 1 3569926706
32 2 3569903133
32 23 3569893847
32 50 3569893837
32 2 3568496594
32 2 3560517200
32 2 3288088853
32 9 3281372052
32 920 3232240111
32 655 3232238355
32 1 3170890604
32 2 3161842208
32 2 3161282506
32 1 3154309955
32 4 3154306003
32 2 3154294621
32 3 3154292728
32 4 3154284721
32 4 3154283935
32 2 3154278192
32 2 3154271138
32 1 3154262531
32 2 3154258144
32 4 3154255400
32 58 3105824790
32 108 3105533459
32 28 3105533449
32 1 3072309962
32 45 3003029402
32 19 3003023738
32 3 3002968062
32 14 3001930770
32 2 3001022166
32 2 3001005972
32 2 3001000251
32 2 3000973856
32 8 3000963922
32 2 3000943063
32 50 3000933437
32 1 3000929360
32 1 3000926374
32 2 3000915228
32 6 3000908315
32 8 3000889085
32 14 3000888846
32 2 3000886522
32 2 3000880328
32 12 3000865204
32 2 3000857809
32 1 3000851880
32 1 3000833707
32 1 3000833107
32 10 3000828087
32 9 3000827997
32 32 3000799447
32 1 3000796088
32 1 3000788666
32 3 3000786583
32 5 3000766545
32 2 3000262356
32 2 3000261380
32 4 2999542063
32 1 2996170666
32 3 2996169755
32 2 2996158270
32 9 2996155436
32 4 2996138385
32 2 2996130721
32 4 2996121630
32 2 2996115389
32 2 2996106513
32 4 2996104816
32 2 2996094627
32 5 2996091150
32 2 2996089239
32 2 2996085237
32 2 2996078943
32 2 2996075208
32 2 2996066008
32 2 2996065503
32 2 2996050608
32 2 2996049343
32 3 2991536732
32 2 2991528935
32 6 2991526009
32 7 2991524516
32 1 2973966871
32 9 2959769321
32 33 2838971378
32 3 2690848056
32 9 2656423524
32 6 2472270318
32 40 2014221707
32 35 1965485561
32 40 1844826241
32 2 1844811321
32 2 1844808612
32 2 1844804433
32 1 1844794656
32 12 1844783097
32 19 1844782941
32 15 1844782898
32 17 1844782866
32 25 1844782808
32 17 1844782801
32 7 1844782766
32 7 1844782756
32 29 1844782657
32 5 1844782642
32 34 1844782601
32 11 1844782544
32 10 1844782515
32 13 1844782397
32 2 1844782363
32 11 1844782359
32 18 1844782255
32 15 1844782222
32 19 1844782190
32 13 1844782133
32 10 1844782109
32 20 1844782096
32 12 1844782003
32 9 1844781974
32 19 1844781921
32 11 1844781842
32 25 1844781810
32 12 1844781807
32 12 1844781766
32 15 1844781730
32 22 1844781722
32 21 1844781691
32 23 1844781654
32 10 1844781535
32 4 1844781463
32 29 1844781455
32 8 1844781415
32 16 1844781369
32 10 1844781319
32 17 1844781269
32 12 1844781214
32 30 1844781125
32 28 1844781123
32 31 1844781101
32 13 1844781059
32 37 1842294297
32 27 1836743506
32 2 1836733624
32 2 1836667766
32 4 1836667528
32 2 1836662275
32 1 1836650052
32 33 1836051758
32 2 1834937769
32 8 1834861417
32 1 1834846530
32 2 1834843510
32 4 1834841483
32 3 1834833134
32 1 1834827991
32 6 1834807362
32 2 1834797240
32 2 1834791099
32 1 1834776050
32 1 1834774777
32 1 1834754393
32 2 1834749956
32 1 1833451224
32 309 1822538884
32 1 1751157231
32 65 1745183751
32 21 1605654502
32 2 1605648448
32 6 1605645615
32 2 1605644036
32 4 1605636947
32 4 1605636033
32 1 1599448683
32 2 1599446904
32 4 1599446077
32 2 1599444021
32 3 1589507569
32 2 1589499258
32 2 1589498701
32 3 1589495574
32 749 1589492464
32 1 1589491156
32 8 1572489681
32 4 1566042739
32 1 1566037432
32 1 1566020043
32 1 1566017231
32 3 1566012592
32 1 1566012525
32 84 1565988730
32 5 1565987024
32 44 1565981154
32 2 1565975997
32 1 1565970503
32 2 1565956816
32 1 1565944971
32 2 1565934728
32 12 1565921855
32 2 1559532620
32 26 1542837937
32 134 1542096053
32 3 1538880784
32 2 1536585495
32 4 1536455320
32 15 1536443618
32 4 1524139715
32 4 1507384591
32 2 1507374897
32 1 1507365567
32 1 1507355175
32 1 1507353555
32 14 1507335192
32 3 1507332277
32 2 1476015930
32 154 1475202803
32 4 1468329028
32 42 1467268954
32 33 1467268934
32 30 1467268399
32 54 1467268381
32 56 1467268364
32 10 1467261694
32 2 1440657225
32 6 1440655523
32 2 1439331090
32 70 1410744206
32 230 1410742119
32 25 1410737490
32 1 1383456401
32 15 1383456083
32 13 1383456073
32 19 1383453970
32 4 1351089088
32 4 1336892917
32 4 1332080270
32 4 1332079012
32 7 1332074937
32 1 1332037688
32 2 1332036346
32 180 1332030676
32 4 1310636469
32 2 1310635605
32 1 1310631688
32 4 1298738814
32 4 1298734932
32 2 1294913067
32 4 1292041579
32 37 1291543619
32 102 1249745480
32 278 1249742781
32 2 1052875381
32 5 1040464366
32 6 1040464321
32 9 1040464270
32 5 1040463835
32 6 1040463811
32 3 920770778
32 126 874825883
32 8 872479849
32 2 788380884
32 16 787544745
32 5 787178084
32 2 781681228
32 2 774375458
32 71 678625580
32 9 678496564
32 2 623067285
32 450 520967172
32 2 411558527
32 4 411556730
32 9 411554292
32 26 411549502
32 3 411541266
32 2 411529780
32 2 411518682
32 2 411518610
32 1 411513746
32 6 411508392
32 2 297568442
32 10 97446940
32 6 97446329
32 12 97446070
32 6 97445889
32 24 27411791
32 36 22140132
24 215 3644965937
24 2 3002977461
24 307 1565983857
24 5 1040464298
20 605 3232242000
18 16 3000827993
16 92 3644966646
16 2 3569931781
16 71 3569919361
16 39 3569893772
16 115 3569887746
16 113 3283235197
16 5 3258365740
16 48 3238006401
16 730 3232238349
16 573 3232235987
16 2 3170890690
16 6 3170870196
16 1 3154306865
16 1 3154266784
16 2 3154263310
16 3 3109186819
16 2 3001022892
16 1 3000972751
16 3 3000943717
16 5 3000927383
16 6 3000905448
16 3 3000899421
16 2 3000893707
16 2 3000880804
16 2 3000880334
16 2 3000844765
16 1 3000805605
16 4 3000801930
16 2 3000792222
16 2 3000767082
16 2 3000763476
16 1 2996159554
16 4 2996143583
16 2 2996109295
16 2 2996107153
16 2 2996083575
16 1 2996066978
16 2 2991532086
16 1 2991526026
16 4 2986877518
16 1 2915211240
16 18 2889361534
16 8 2838971388
16 11 2472223779
16 4 2441360598
16 42 1870647814
16 22 1844783079
16 21 1844782886
16 6 1844782829
16 14 1844782767
16 28 1844782691
16 28 1844782652
16 12 1844782648
16 13 1844782468
16 26 1844782401
16 20 1844782234
16 14 1844782122
16 10 1844782050
16 9 1844781966
16 20 1844781777
16 11 1844781759
16 22 1844781641
16 16 1844781611
16 11 1844781358
16 22 1844781286
16 14 1844781259
16 24 1844781091
16 110 1842294298
16 1 1836742376
16 1 1836738883
16 3 1836647507
16 4 1834862512
16 9 1834849412
16 2 1834816139
16 2 1834806694
16 5 1834790832
16 3 1834775528
16 1 1834763623
16 1 1834750625
16 6 1833450652
16 1 1605656728
16 4 1605651056
16 1 1589506090
16 4 1589505026
16 1 1589495319
16 3 1575461000
16 1 1566425618
16 2 1566046547
16 15 1566039053
16 4 1566009623
16 2 1565998874
16 3 1565958440
16 4 1565955629
16 4 1565932324
16 1 1559532552
16 4 1557383472
16 2 1538880799
16 4 1536583161
16 1 1507368484
16 2 1507361191
16 63 1475202806
16 24 1467268953
16 33 1467268941
16 51 1467268397
16 4 1421143761
16 9 1410737450
16 11 1383455769
16 12 1357894564
16 4 1332649262
16 1 1332082928
16 13 1332046018
16 44 1310634024
16 8 1310629461
16 7 1307777934
16 3 1307777780
16 9 1307777549
16 5 1307777072
16 5 1307776537
16 5 1298732115
16 39 1121754883
16 2 1052874934
16 5 1040464231
16 3 1040463797
16 6 916811754
16 1 788379518
16 2 787179064
16 6 678526000
16 3 623067759
16 222 411553385
16 2 411531704
16 1 411518958
16 2 411503931
16 8 301747221
16 19 97447345
16 29 92696351
10 3 3560849349
10 2 3000846482
10 89 1467268409
10 2 1307973960
10 17 92696525
8 1 3641739452
8 75 3627734058
8 157 3569914877
8 18 3569901244
8 14 3170868586
8 1 3170862301
8 6 3170250100
8 2 3154306662
8 1 3154288056
8 2 3136331163
8 2 3105249886
8 2 3014354706
8 1 3012606125
8 2 3001021045
8 1 3001004458
8 2 3000990948
8 4 3000978108
8 1 3000971129
8 1 3000933400
8 2 3000922331
8 1 3000916331
8 6 3000911778
8 1 3000857893
8 2 3000849019
8 6 3000831209
8 2 3000827972
8 2 3000782009
8 2 3000781947
8 2 2996170024
8 1 2996155260
8 2 2996134888
8 33 2996131681
8 13 2996124954
8 2 2996123264
8 1 2996096645
8 1 2996080967
8 8 2996072055
8 1 2991537552
8 1 2991522283
8 23 2987842549
8 12 2987463539
8 8 1844829241
8 12 1844783055
8 21 1844783009
8 17 1844782883
8 17 1844782673
8 14 1844782630
8 64 1844782558
8 18 1844782415
8 14 1844782385
8 16 1844782247
8 11 1844782195
8 53 1844782018
8 19 1844781850
8 20 1844781649
8 24 1844781570
8 17 1844781560
8 17 1844781303
8 8 1844781237
8 8 1844781189
8 19 1844781179
8 1 1836742557
8 2 1836732462
8 3 1836729017
8 3 1836665115
8 1 1836651507
8 5 1834869338
8 2 1834834420
8 1 1834827840
8 2 1834818569
8 6 1834807336
8 1 1834787164
8 60 1834783990
8 7 1834782798
8 2 1834754386
8 4 1833450594
8 1 1605647854
8 4 1605641806
8 1 1605633818
8 2 1599453585
8 1 1599451096
8 2 1589500962
8 20 1587177866
8 1 1566033845
8 1 1565973379
8 2 1565971804
8 2 1565950609
8 13 1565949556
8 1 1565936920
8 1 1565928227
8 5 1546320114
8 13 1539233816
8 6 1536586237
8 2 1507392726
8 1 1507385674
8 1 1507367082
8 2 1507333489
8 4 1484924267
8 4 1467732050
8 25 1467268928
8 80 1467268379
8 1 1440654878
8 43 1410744218
8 46 1410742074
8 1 1389427394
8 27 1383456076
8 6 1383450362
8 1 1336886034
8 1 1332082250
8 1 1332056850
8 1 1332055072
8 5 1332052169
8 2 1332035796
8 10 1307777892
8 13 1307777638
8 16 1307777517
8 18 1307777156
8 6 1307776705
8 4 1298734025
8 16 1298731599
8 5 1294921270
8 4 1292079141
8 49 1249427194
8 3 1050404379
8 3 787543676
8 4 787541113
8 4 521338274
8 1 411552124
8 1 411538887
8 1 411510513
8 1 95168043
8 20 92696375
8 54 92696317
6 24 1467268988
4 11 3569896918
4 1 3154287137
4 120 3002765305
4 1 3000931537
4 1 2996160620
4 10 2996127759
4 27 2991531410
4 20 2991529028
4 150 2899906915
4 11 1844783092
4 8 1844782560
4 8 1844781886
4 15 1844781846
4 13 1844781384
4 37 1836743176
4 2 1834856898
4 1 1834825746
4 8 1834775379
4 2 1605660666
4 2 1589490720
4 4 1566014336
4 2 1536577445
4 42 1514769228
4 3 1334615855
4 2 1332042616
4 4 1332024093
4 4 1307777574
4 1 1298742572
4 37 1294893878
4 5 1040464294
4 1 635195304
3 12 1307777211
2 209 3283233138
2 2 3170870190
2 80 3162013552
2 1 3154272815
2 646 3007103796
2 1 3001024466
2 1 3000926262
2 1 3000886387
2 9 3000877213
2 1 3000806970
2 16 3000786506
2 133 2996121958
2 1 2996117974
2 2 2996113867
2 4 2996099628
2 1 2991537021
2 1 2987842178
2 169 2915190204
2 46 2074416846
2 1 1844812218
2 8 1844782413
2 30 1844782185
2 21 1844781735
2 28 1842294296
2 4 1842243330
2 37 1836743649
2 52 1836743431
2 33 1836743224
2 2 1834935286
2 3 1834839534
2 3 1834770745
2 3 1605659967
2 2 1605658537
2 2 1589489919
2 3 1583625002
2 4 1566013501
2 2 1565956694
2 4 1565927373
2 10 1539233815
2 3 1507367187
2 1 1500444290
2 21 1383456077
2 18 1334615852
2 1 1332024700
2 6 1307777798
2 10 1307777794
2 7 1307777470
2 1 1294912623
2 12 1040464196
2 5 1040463629
2 13 1040463628
2 3 774382931
2 4 521206212
1 2 3586583768
1 4 3378221339
1 1 3105587334
1 2 3000997071
1 1 3000979160
1 1 3000849850
1 2 3000802633
1 1 3000796042
1 1 2996153057
1 2 2996062241
1 32 1844782180
1 19 1844781077
1 4 1836671495
1 6 1605661512
1 1 1500446309
1 1 1294907305
1 4 1294900839
1 4 921151700
1 5 912097235
114252
