1923072 1927165 3232235891
13312 950 3232242091
12288 7066 3642233869
12288 2137 3232240101
8224 3158 3232241956
8192 2 3748138602
8192 1802 3642233865
8192 968 3642233105
8192 2581 3569893877
8192 2657 3569893874
8192 56 3569884654
8192 217 3232268576
8192 2748 3232242287
8192 4526 3232242109
8192 868 3232242105
8192 5986 3232242041
8192 3816 3232241934
8192 5380 3232241675
8192 7976 3232238883
8192 1252 3232238869
8192 906 3232238617
8192 1217 3232238362
8192 1077 3232238145
8192 5 3208458173
8192 2 3208391139
8192 2 3161834391
8192 2 3012243026
8192 1 3001009830
8192 8 3000964357
8192 4 3000917766
8192 1 3000834379
8192 2 2996152045
8192 6 2996122043
8192 1 2959969632
8192 35 2539988156
8192 8 2025611107
8192 19 2025605578
8192 1 1912885062
8192 7 1844782350
8192 20 1844782172
8192 16 1844781352
8192 34 1836743191
8192 4 1834794388
8192 1 1834758715
8192 5 1605660226
8192 83 1566002268
8192 2 1565943683
8192 4 1541277644
8192 3825 1507377792
8192 1 1500430867
8192 89 1334615815
8192 2 1310634856
8192 9 1307777449
8192 7 1249739452
8192 7 1040464204
8192 2132 874062042
8192 6 772897228
8192 544 520963843
8192 3 411554877
6144 4649 3232238865
6144 2333 3232235989
4096 2907 3642233881
4096 4 3586585031
4096 8 3578736144
4096 1908 3232242306
4096 1141 3232242106
4096 1492 3232242081
4096 4151 3232242068
4096 5006 3232242037
4096 29 3232240122
4096 1747 3232239133
4096 2501 3232239128
4096 2120 3232239122
4096 6971 3232238882
4096 1115 3232238864
4096 5535 3232238352
4096 1845 3232238099
4096 2638 3232238097
4096 12 3219688199
4096 45 3170875359
4096 20 3170868973
4096 45 3170862759
4096 2 3154260888
4096 1023 3007103751
4096 121 3002985153
4096 119 3002983798
4096 3 3000957181
4096 8 3000798692
4096 3 3000698643
4096 16 3000697786
4096 2 2973779789
4096 3 2537980899
4096 1325 1844776490
4096 4 1836655561
4096 60 1834862508
4096 2 1831600720
4096 28 1745882376
4096 2 1581555611
4096 220 1562876179
4096 63 1542837776
4096 3 1505102181
4096 49 1494697575
4096 4 1365067874
4096 35 1360149047
4096 24 1336893401
4096 4 1332023738
4096 5 1298734934
4096 556 520967220
4096 681 520967204
4096 3266 520967176
4096 660 520967170
4096 11 416156464
2048 526 3642235009
2048 288 3642233918
2048 834 3232242125
2048 693 3232240108
2048 5528 3232235826
2048 3 3000568181
2048 4 1605649051
2048 11 1592060803
2048 4 1565941090
2048 79 878369633
2048 4 85365949
1536 2730 3569893873
1024 1587 3232238359
1024 2 3024883613
1024 1462 3000984903
1024 2 2996143335
1024 103 2675577783
1024 9 1844782344
1024 24 1844782288
1024 4 1834937688
1024 2 1834782873
1024 8 1599444177
1024 1 1507372158
1024 2 1383452258
1024 4 1293382020
1024 2 411521601
1024 5 97445980
512 784 3232242121
512 1 3154300906
512 2 3000967129
512 2 2996083575
512 9 1844781966
512 3 1834794364
512 6 1536586237
512 1 1440654878
512 9 678496564
32 2611 3569893879
32 1 3170868891
32 1 3000868232
32 2 2996107284
32 46 2074416846
32 89 1467268409
32 39 1467268406
32 53 1467268383
32 10 1467261694
32 3 1334615855
32 18 1334615852
32 2 1332042616
32 1 1332040877
32 12 1307777211
9956
