505 8
751 9
150 11
286 10
64 14
218 4
845 7
715 17
953 10
112 2
658 11
440 15
326 10
258 19
209 17
512 11
919 20
263 10
300 1
762 1
859 20
285 0
931 3
886 6
471 6
918 12
610 3
418 11
246 3
605 1
10 10
801 3
39 17
364 13
740 18
188 12
86 15
915 14
771 5
671 13
119 20
560 5
986 14
868 5
505 19
389 9
600 16
860 11
727 16
795 18
562 1
352 5
445 0
397 14
168 4
723 1
323 14
500 11
176 9
695 14
918 20
933 10
358 17
361 16
865 14
127 10
477 10
459 1
25 0
787 15
468 4
287 18
301 18
732 6
489 4
268 14
820 11
413 6
394 10
824 5
761 16
671 9
121 3
594 14
583 18
724 20
182 14
52 20
877 17
639 10
937 10
623 0
94 12
116 17
658 5
924 6
76 14
989 15
626 8
825 14
974 7
708 17
11 12
292 7
217 3
534 14
424 16
288 17
223 0
131 4
278 20
803 10
347 15
635 19
639 19
83 12
153 13
301 1
182 6
944 12
674 1
759 3
122 9
969 1
832 11
102 20
710 17
381 12
243 13
314 20
272 17
156 10
817 8
63 13
447 20
320 0
955 9
561 8
626 2
343 9
456 19
948 17
574 20
145 13
843 14
641 17
980 8
631 2
23 2
396 9
375 3
629 9
65 14
295 18
700 10
824 17
638 15
322 0
442 12
789 7
830 6
776 13
588 10
395 13
53 19
855 16
996 15
717 18
756 12
660 6
718 5
361 15
104 8
185 18
780 9
911 19
229 8
10 7
480 2
308 12
981 11
438 4
241 20
257 9
384 5
458 4
82 15
184 2
146 6
4 13
385 10
505 13
68 10
50 17
657 3
734 3
1 2
755 3
487 13
136 2
327 6
669 3
118 10
38 16
116 20
396 9
964 17
178 19
404 5
54 3
255 15
899 0
565 2
377 17
873 16
306 7
411 13
798 0
238 10
576 4
702 17
458 17
90 7
482 16
701 10
167 11
376 7
265 16
170 6
549 4
709 10
334 7
926 12
30 2
229 19
403 18
194 12
86 19
614 13
553 0
8 7
32 12
62 15
102 15
342 1
133 18
144 10
32 0
137 19
742 16
954 1
640 9
965 17
853 5
456 1
386 15
847 13
164 19
925 8
813 4
516 9
158 6
789 0
596 14
810 16
276 7
414 17
442 2
978 5
747 12
965 6
446 7
743 8
306 14
2 5
924 1
243 2
464 0
266 16
746 7
108 4
438 17
373 7
562 7
828 20
114 0
632 8
949 8
726 0
566 2
66 1
482 7
875 7
229 15
956 14
475 7
492 0
735 17
390 14
278 8
778 1
421 9
893 14
645 2
70 1
384 3
152 6
101 14
403 9
833 12
573 8
568 15
355 0
409 15
919 20
722 13
689 16
885 16
825 20
295 16
341 8
918 6
151 8
545 14
851 3
865 20
732 7
325 15
23 15
664 16
997 9
9 15
126 10
442 11
27 9
648 0
570 10
887 18
509 3
284 18
557 10
801 15
488 0
174 13
860 3
966 14
947 1
217 5
821 16
748 15
991 16
414 16
540 5
111 11
757 9
363 8
625 1
633 18
946 15
972 10
821 5
119 15
111 20
363 9
176 20
891 18
722 11
601 4
192 19
802 15
197 13
129 0
792 20
594 17
583 8
497 6
474 15
372 5
633 14
831 9
57 9
866 10
315 1
404 11
304 7
994 18
733 18
347 16
856 18
379 0
640 16
212 5
22 1
900 14
284 15
728 3
438 19
616 9
543 20
314 18
505 5
446 1
434 15
224 2
33 18
113 11
669 13
623 10
706 17
628 7
900 14
724 17
207 4
964 1
107 11
980 14
379 20
722 0
37 7
580 17
968 7
682 20
230 17
176 7
202 12
465 12
883 9
714 20
789 15
876 2
707 11
540 0
339 5
64 2
730 19
931 8
185 15
835 20
867 15
343 18
663 10
631 9
285 11
933 8
41 9
464 1
31 19
257 17
210 1
317 18
648 4
162 4
417 14
525 17
717 9
21 1
1000 17
729 1
614 15
952 20
467 14
526 11
379 6
199 2
862 15
46 11
855 15
116 7
175 19
971 4
435 7
649 1
308 2
983 6
858 13
952 0
653 15
355 10
891 16
212 16
637 6
945 1
796 17
201 0
856 11
984 1
953 14
563 6
302 5
160 2
861 5
898 12
315 11
601 15
601 8
102 7
975 18
238 3
230 3
276 4
484 12
111 13
931 17
268 15
184 3
337 5
250 3
667 2
697 14
338 2
752 17
560 8
719 17
836 13
411 11
719 18
266 0
421 7
735 12
702 16
636 13
396 7
529 10
598 0
736 17
806 1
928 13
676 6
786 9
226 8
884 18
148 11
813 6
159 7
187 18
495 11
960 2
290 14
982 18
110 10
667 6
213 2
765 10
970 7
417 16
808 14
657 8
240 18
616 14
709 10
857 13
27 4
327 5
920 19
345 10
572 11
863 10
429 4
298 20
353 18
462 18
392 8
955 6
538 11
847 17
6 19
78 6
558 8
166 4
424 18
940 14
784 17
979 7
803 6
815 13
568 9
182 9
828 0
516 16
751 14
878 0
809 10
186 17
21 18
906 6
899 2
355 14
374 16
421 10
530 14
125 18
528 19
851 18
880 12
969 20
997 17
514 4
478 5
171 10
77 4
478 14
403 7
782 2
840 20
937 3
336 14
989 7
916 2
631 0
361 18
547 4
75 9
303 9
874 3
95 1
937 20
325 11
413 14
80 17
707 6
984 10
871 11
642 16
819 12
894 19
240 1
246 0
840 3
66 19
696 4
202 6
807 9
74 20
883 5
679 20
624 15
349 5
157 0
838 19
110 17
728 8
528 3
574 9
929 4
604 11
180 11
472 1
161 14
517 5
985 6
426 17
441 20
35 11
831 17
79 18
299 9
767 19
435 13
350 17
18 13
214 16
264 1
198 2
59 9
452 2
515 15
306 0
939 6
995 1
4 17
254 14
620 10
65 12
375 4
719 13
245 8
48 0
655 2
352 5
778 8
637 12
384 5
936 11
184 12
16 19
469 17
327 2
832 12
15 18
374 3
956 5
417 2
989 18
100 12
340 4
781 4
68 1
645 14
697 8
22 10
78 19
295 9
157 6
802 14
828 18
588 17
3 5
50 8
77 20
220 11
30 3
221 12
471 0
667 14
257 10
813 12
569 18
685 10
46 4
620 16
723 5
202 14
48 16
933 3
399 16
634 16
344 16
926 4
356 2
887 6
340 0
346 20
796 4
583 8
778 11
599 16
249 3
75 0
348 4
205 9
352 0
331 20
744 0
452 6
685 20
557 7
200 17
307 4
794 12
761 15
618 18
365 4
71 7
144 9
324 6
261 2
992 18
836 15
904 2
20 19
339 3
770 17
950 12
36 5
307 17
43 17
709 19
285 16
225 9
104 20
676 8
890 6
858 3
808 20
386 10
591 18
235 0
247 18
91 13
235 10
634 5
563 13
343 17
309 18
459 12
965 10
807 19
251 6
612 15
755 4
626 19
143 5
750 0
408 9
552 5
103 3
561 1
426 9
904 5
619 5
763 15
976 7
911 18
728 7
613 1
277 12
85 2
958 9
965 16
564 16
521 10
391 1
278 15
698 16
515 10
756 15
139 1
658 18
512 4
695 18
456 17
826 11
363 17
178 8
163 10
305 16
755 3
933 0
797 11
165 13
886 9
467 10
576 18
232 7
979 7
656 6
804 6
249 2
650 4
11 11
368 19
869 10
353 16
818 2
917 13
90 7
654 10
376 4
307 5
347 18
800 18
544 19
226 9
581 11
606 5
675 2
128 9
551 8
777 13
238 11
450 2
573 6
295 9
396 3
65 16
165 10
389 16
733 11
201 7
617 17
360 10
915 7
998 10
892 9
332 5
875 13
991 19
64 13
813 2
306 14
742 13
818 9
994 5
461 6
969 6
962 16
35 5
465 14
975 10
175 10
909 7
638 10
532 1
725 17
732 20
469 3
472 6
500 18
354 3
896 9
689 12
284 6
871 7
638 4
369 20
696 7
968 16
237 2
292 2
558 2
176 6
232 18
216 1
345 16
649 16
674 3
988 14
208 10
558 19
100 1
806 0
857 0
150 16
632 12
876 8
994 1
109 7
950 18
707 11
752 17
336 19
392 17
580 5
88 3
799 10
547 11
530 5
317 17
979 19
928 20
429 17
979 16
715 20
786 17
698 9
360 9
307 3
618 11
608 11
266 4
775 20
419 0
649 15
496 15
124 18
595 18
184 4
507 9
749 4
133 20
267 10
472 8
688 6
47 6
422 9
76 11
48 3
152 19
960 13
974 9
713 7
885 2
42 8
450 7
794 18
797 9
321 11
917 12
684 18
518 6
267 14
356 4
881 6
955 7
288 1
39 9
29 1
409 9
215 16
939 19
604 19
539 20
190 3
654 0
439 3
104 9
94 2
846 10
52 19
280 5
