1895274972 4268498140
1789036860 477240540
1683369029 3244825820
1143274737 154105956
141091339 388724836
65845245 2829784175
58227080 761194293
55169844 3359800417
52606315 329826403
49320328 2135007324
44165792 1280604216
42524218 3901462383
41896923 1576080184
38132676 492627765
37457631 879566044
35086842 220158701
34700287 3074828440
30251493 2326969740
30182552 3780926573
28335418 3136433416
27991732 3479172298
27934331 4256733536
27723876 485561144
27658201 113196793
26694392 2025246144
26680647 2109332232
26658467 4213624256
26532615 213896384
26171927 927645960
25480207 323728284
23921677 945547061
23762831 428842555
23685208 3027486574
23477502 34295696
23300149 313049187
22640918 3176916789
22564354 155839617
21806673 2853154824
21805503 699580680
21611662 924772149
21307583 2204034869
21028144 2982071488
20878231 3797608245
20578015 2740840245
20318248 2875057973
19788430 2038276405
18850071 799588451
18816236 3518536032
18716923 1232919048
18654810 1075964213
18565540 2981665120
17989939 1650255669
17826043 2466575413
17757055 2812854371
17660042 475981621
17549049 2992564021
17441792 877314312
17435928 1321127104
17435220 499109056
17269829 3999444895
16790069 284234552
16769007 1667098421
16608702 3025528629
16033419 3300138063
15711470 3293169988
15307842 413712483
15260244 3200175296
15256925 4112960960
14772435 3931891509
14342720 3697010485
14327527 2158542947
14157823 469364067
14154927 4200326965
14087656 417108740
14062970 1180333201
13804051 1298065205
13626026 1381820213
13361981 236564872
13199492 1281156917
13149282 2056524600
13098296 3622972680
13086862 12569792
13079902 3686714560
13034589 308078389
12831962 317986299
12656856 1549182269
12544292 3948603189
12413995 1208131287
12282855 3881559861
12251643 2992367413
12217594 27836515
12210555 1354747072
12168907 2052908853
12118300 229163107
11960610 645711956
11779804 3484981600
11540637 1362323341
11499577 2696452448
11385543 619778872
11324177 4290287968
11306470 1516169013
11302604 670110520
11203791 2798558778
11172893 2913517667
11134591 3632126472
10915133 3055996352
10899716 2787560896
10898604 1307758016
10897989 3300838592
10614831 230498104
10593169 2786424869
10528346 4200261429
10434991 3307828616
10404704 1102298508
10307548 1448827536
10232781 766034019
10198783 2740643637
10184865 2558757772
10108240 4273509999
9966775 347706991
9958972 821529280
9919499 4066174773
9821953 279494755
9793678 4096973832
9772556 2192097379
9740357 454668680
9591017 324790069
