1895274972 4268498140
1789036860 477240540
1683369029 3244825820
1143274737 154105956
141091339 388724836
65845245 2829784175
58227080 761194293
55169844 3359800417
52606315 329826403
49320328 2135007324
44165792 1280604216
42524218 3901462383
41896923 1576080184
38132676 492627765
37457631 879566044
35086842 220158701
34700287 3074828440
30251493 2326969740
30182552 3780926573
28335418 3136433416
27991732 3479172298
27934331 4256733536
27723876 485561144
27658201 113196793
26694392 2025246144
26680647 2109332232
26658467 4213624256
26532615 213896384
26171927 927645960
25480207 323728284
23921677 945547061
23762831 428842555
23685208 3027486574
23477502 34295696
23300149 313049187
22640918 3176916789
22564354 155839617
21806673 2853154824
21805503 699580680
21611662 924772149
21307583 2204034869
21028144 2982071488
20878231 3797608245
20578015 2740840245
20318248 2875057973
19788430 2038276405
18850071 799588451
18816236 3518536032
18716923 1232919048
18654810 1075964213
18565540 2981665120
17989939 1650255669
17826043 2466575413
17757055 2812854371
17660042 475981621
17549049 2992564021
17441792 877314312
17435928 1321127104
17435220 499109056
17269829 3999444895
16790069 284234552
16769007 1667098421
16608702 3025528629
16033419 3300138063
15711470 3293169988
15307842 413712483
15260244 3200175296
15256925 4112960960
14772435 3931891509
14342720 3697010485
14327527 2158542947
14157823 469364067
14154927 4200326965
14087656 417108740
14062970 1180333201
13804051 1298065205
13626026 1381820213
13361981 236564872
13199492 1281156917
13149282 2056524600
13098296 3622972680
13086862 12569792
13079902 3686714560
13034589 308078389
12831962 317986299
12656856 1549182269
12544292 3948603189
12413995 1208131287
12282855 3881559861
12251643 2992367413
12217594 27836515
12210555 1354747072
12168907 2052908853
12118300 229163107
11960610 645711956
11779804 3484981600
11540637 1362323341
11499577 2696452448
11385543 619778872
11324177 4290287968
11306470 1516169013
11302604 670110520
11203791 2798558778
11172893 2913517667
11134591 3632126472
10915133 3055996352
10899716 2787560896
10898604 1307758016
10897989 3300838592
10614831 230498104
10593169 2786424869
10528346 4200261429
10434991 3307828616
10404704 1102298508
10307548 1448827536
10232781 766034019
10198783 2740643637
10184865 2558757772
10108240 4273509999
9966775 347706991
9958972 821529280
9919499 4066174773
9821953 279494755
9793678 4096973832
9772556 2192097379
9740357 454668680
9591017 324790069
9533074 1444227080
9513403 575372938
9416483 727508789
9350258 2001085245
9262980 1006016111
9217120 324921141
9147352 464044131
9053631 2964887904
9037681 1370847853
8991117 1029564213
8890785 3286253073
8735395 653333304
8730616 1729292100
8717770 4273510752
8715874 722382856
8700421 1415934600
8680271 3902643771
8654136 15954027
8649065 2669471541
8360457 909397343
8252139 2914286189
8166367 1206981432
8139915 3099105632
8121740 3064567365
8104852 854433121
8092774 3383334469
8088058 2365998218
7980320 189392693
7976022 1232351269
7961460 4232501358
7954542 716422540
7925471 1680188828
7788628 3769492067
7743424 1135852940
7676590 3114051228
7552136 3565496910
7527439 2418812780
7504374 3936198203
7457869 3445286709
7448619 1863102472
7426353 3277514549
7405098 3458265674
7386412 1354070637
7344635 341763893
7264650 1464002357
7239904 317788984
7119204 1001635212
6974794 2874861365
6895972 2818635466
6883083 1983144089
6863007 1415309109
6853742 452488089
6818213 4168997384
6669978 4099663669
6652983 2767334664
6627914 1974914496
6604072 3260868405
6596626 2724128565
6568312 3067851932
6540268 3065168136
6540146 2931739840
6538207 32689600
6519660 3424544864
6490655 1113384757
6483574 3474843445
6411656 2880731757
6380113 3015219552
6358607 1683941173
6322730 996384471
6268176 2103371573
6265306 884130056
6214959 1387625069
6121352 3952975419
6119906 2589845301
6094067 103478853
6063318 2216204870
6005580 3917339144
5983571 1398728501
5908736 262717539
5892998 1532880693
5888647 3769283404
5836162 2235932474
5828484 744220469
5821000 1156649784
5799316 2324404079
5789202 1521226573
5779808 17907080
5769995 1130161973
5749416 2947840621
5704412 1421179501
5694735 2741405919
5617263 2142821128
5562582 1834805045
5524645 1918691125
5510632 245975512
5458838 1404402285
5453453 991539592
5448277 4136343407
5447760 1918822197
5399628 234100219
5373267 3300432224
5367302 3395086133
5343162 2931063405
5270141 3083049026
5265884 861726517
5248415 1354291976
5243878 502338360
5187520 2173837213
5153005 1592857400
5111785 526742152
5107973 2585282954
5047700 1862836316
5046269 212385891
5043594 89974581
5009046 581484643
4966404 2678371658
4961895 2200486346
4934521 3009275701
4905876 1289819213
4843245 11059299
4842288 3271120102
4836387 344867980
4760719 3425399628
4744678 91560540
4742930 1694670551
4727588 1149032968
4720413 2101748541
4716252 1951703349
4671252 636556088
